  -1.39247895 -0.6518740605   9.460384298 -2.829572876 -1.100516075  9.345019139 1774584238 1774584238
 -1.492283899 -0.7354997388    9.44584606 -2.736126107 -1.020541952  9.343631706 1774584238 1774584238
 -1.575368299 -0.6121149695   9.463288637   -2.57801572 -0.8859353665   9.347018017 1774584238 1774584238
 -1.741309341 -0.6317454822   9.442337422  -2.356657961 -0.6972184422   9.355272409 1774584238 1774584238
 -1.858363267 -0.5994138359    9.40902503  -2.076343562 -0.4581459457   9.374087935 1774584238 1774584238
-1.995055914 -0.463922804   9.34268781  -1.751236277 -0.1784260384   9.405232092 1774584238 1774584238
 -1.999127439 -0.2383467412   9.264135656 -1.405406001 0.1256670532  9.448354689 1774584238 1774584238
-1.807807936 0.2043326116  9.169966858 -1.070112906 0.4304431354  9.501533908 1774584238 1774584238
-1.583236138  0.430683036  9.090211759 -0.778652692 0.7096759779  9.554364254 1774584238 1774584238
-1.384603077 0.5388611557  9.045420907 -0.5655865153  0.9330014117     9.6016209 1774584238 1774584238
 -1.15180491 0.6537265261  9.026888726 -0.4612462161   1.075771093   9.637201335 1774584238 1774584238
-0.904308942 0.7034500806  9.056335337 -0.4808214561   1.128893837   9.656527895 1774584238 1774584238
-0.7414389516  0.7778756459   9.157435013 -0.6230002678   1.090237382   9.656081132 1774584238 1774584238
-0.5736214892  0.7685806757   9.330827193 -0.8758619466  0.9747692305   9.644621161 1774584238 1774584238
-0.586386824 0.7556850222  9.523047119  -1.20100018 0.8127766234  9.624805197 1774584238 1774584238
-0.7421576407  0.7353230715   9.736245571 -1.556665614 0.6417617402  9.608934599 1774584239 1774584239
-0.9709509066  0.7522197286   9.975414005 -1.895960986 0.5015151299  9.607589028 1774584239 1774584239
-1.291926414 0.8614959954  10.23569835 -2.167373635  0.426050194  9.628949298 1774584239 1774584239
-1.565690483 0.8758550284  10.41353311 -2.344123863 0.4337262381  9.684014935 1774584239 1774584239
-1.828162475 0.9578515827  10.50550295 -2.416106885 0.5286262089  9.765003963 1774584239 1774584239
-1.99052114 1.100706388 10.52191782 -2.391823589  0.699304336  9.863585634 1774584239 1774584239
-2.102464491  1.254114327  10.47702854 -2.297533265 0.9199958598  9.969590202 1774584239 1774584239
-2.228685006  1.481099228  10.32475959 -2.166304635  1.154216866  10.06868878 1774584239 1774584239
-2.234478066  1.556099485   10.1863948 -2.033760684  1.359553548  10.14964515 1774584239 1774584239
-2.288286644     1.482498  10.02481202 -1.928910331  1.495111546  10.20492233 1774584239 1774584239
-2.326597508  1.321316201  9.904734533 -1.870941618  1.533086401  10.22665559 1774584239 1774584239
-2.341497139  1.031775091  9.804963163 -1.866025806  1.459333969  10.21455103 1774584239 1774584239
-2.348261732 0.7288701074   9.74657908 -1.902625161  1.276119398  10.17295065 1774584239 1774584239
-2.308623431 0.4106306397  9.743843956 -1.961845732  1.002672417  10.11095257 1774584239 1774584239
 -2.241135799 0.06458024348   9.761117885 -2.019495951 0.6717703026  10.03642518 1774584239 1774584239
 -2.155343588 -0.1703179741    9.78590325 -2.052553855 0.3231249082  9.956747897 1774584239 1774584239
 -2.040781143 -0.2903970373   9.811053278   -2.044858712 -0.00296329025    9.878207183 1774584239 1774584239
 -1.928880977 -0.3162159779    9.81948098 -1.990634002 -0.270654512  9.803565036 1774584239 1774584239
 -1.840512385 -0.3285572678   9.807781151  -1.896608582 -0.4533029888   9.733329934 1774584239 1774584239
 -1.777370159 -0.3051822204   9.774812476  -1.780509258 -0.5366935542   9.665978264 1774584239 1774584239
-1.719258877 -0.172695621  9.732587733  -1.666906269 -0.5218330149   9.600727405 1774584239 1774584239
  -1.676863468 0.004214305226     9.67864943  -1.581881378 -0.4219519642   9.536980959 1774584239 1774584239
-1.714356231 0.1866091712  9.606365535  -1.547420942 -0.2596182065   9.475526496 1774584239 1774584239
-1.742105674 0.3099482392  9.556711805   -1.577079698 -0.06372822153    9.420215341 1774584239 1774584239
-1.794719386 0.4037638511  9.505990145 -1.671645127 0.1370833833   9.37471376 1774584239 1774584239
-1.912036255 0.4679947592  9.446455995 -1.819608677 0.3146759532  9.342343474 1774584239 1774584239
 -2.03959713 0.4966205382  9.386817325 -1.999154704  0.448307052  9.325701498 1774584239 1774584239
-2.17258222 0.471921687 9.328720273 -2.181336678  0.526241881  9.323570789 1774584239 1774584239
-2.243354772 0.4270872468  9.287685473 -2.336491173 0.5442003509  9.332096505 1774584239 1774584239
 -2.34128268 0.2719871764  9.226382121 -2.438953766 0.5070508529   9.34333784 1774584239 1774584239
-2.375264768 0.1430602409  9.171362468 -2.472899076 0.4242378428  9.348986564 1774584239 1774584239
  -2.341801891 -0.01628035437    9.097132889 -2.434675366 0.3102203845  9.340588291 1774584239 1774584239
 -2.241138269 -0.1272162425   9.050198586 -2.334144567 0.1800869551  9.312986059 1774584239 1774584239
-2.124399689 -0.215099307  9.014988329  -2.193025305 0.04811421813   9.264731759 1774584239 1774584239
 -1.996347426 -0.3213897522   8.988511763   -2.041324846 -0.07419775208    9.200108582 1774584239 1774584239
 -1.896773255 -0.3726362596   8.975969645  -1.912247872 -0.1794230976   9.127785809 1774584239 1774584239
   -1.7721066 -0.3617574545   8.989362101  -1.836386826 -0.2643676172   9.059892603 1774584239 1774584239
 -1.743486862 -0.3257693713   9.017911244  -1.836405213 -0.3305433397   9.006866255 1774584239 1774584239
 -1.77072972 -0.268825002  9.054208441  -1.92299313 -0.381332097  8.976083188 1774584239 1774584239
-1.868837921 -0.216692513  9.085445511  -2.092744721 -0.4221638922   8.967056493 1774584239 1774584239
 -2.072550379 -0.1549647422   9.090024437  -2.328960556 -0.4585784221   8.971598241 1774584239 1774584239
  -2.494721203 -0.04627016055    9.049996996  -2.603819334 -0.4963553593   8.975373251 1774584239 1774584239
   -2.86658586 -0.05456132243    8.956355817 -2.881270243 -0.539737518  8.957686841 1774584239 1774584239
 -3.113840989 -0.1287178313   8.850167655  -3.127202722 -0.5917334215   8.900105986 1774584239 1774584239
 -3.401815245 -0.2800272476   8.683982979  -3.305401933 -0.6540470149   8.791462697 1774584239 1774584239
 -3.581645459 -0.4778721227   8.515838814  -3.390382632 -0.7273196178   8.634410125 1774584239 1774584239
 -3.641361416 -0.7751679662   8.300200611  -3.368913252 -0.8109639291   8.447395714 1774584239 1774584239
  -3.4483019 -1.057085394  8.253644466  -3.240961683 -0.9011661015   8.260695629 1774584239 1774584239
-3.113912366 -1.330300366  8.323375603  -3.017468397 -0.9950861884   8.123057168 1774584239 1774584239
-2.726954893 -1.431326043  8.544853418 -2.715400808 -1.087466242  8.092479847 1774584239 1774584239
-2.271190037 -1.470742731  8.937472215 -2.363557729 -1.172525023  8.215815385 1774584240 1774584240
-1.542991423 -1.406223797  9.832980734 -1.988538089 -1.245225592  8.533187905 1774584240 1774584240
-1.174901836 -1.226227313  10.46509283 -1.612599048  -1.30468672  9.061890848 1774584240 1774584240
-0.8011261368  -1.159058334   11.13629322 -1.254147785 -1.351697407   9.79105773 1774584240 1774584240
-0.2688512484  -1.313597054   11.89453958 -0.9260128804  -1.386226839   10.67198971 1774584240 1774584240
0.1525484342 -1.487384825  12.47890833 -0.6417505217  -1.400102277   11.61615308 1774584240 1774584240
0.3491495411 -1.572579296  13.06079418 -0.403171124 -1.393732014  12.51363389 1774584240 1774584240
0.3985877885 -1.694770792  13.03949783 -0.2179826951  -1.365901829   13.24935897 1774584240 1774584240
 0.303322746 -1.748761183  12.83902932 -0.0912513746  -1.316141323   13.71871637 1774584240 1774584240
0.05816106408  -1.694353841   12.33825386 -0.02735386653   -1.244337396    13.84606918 1774584240 1774584240
-0.2197026203  -1.608083771   11.60653464 -0.02907028634   -1.151506926    13.59619844 1774584240 1774584240
-0.5725284092   -1.30737969    10.3605947 -0.09945978402   -1.045091708    12.98369431 1774584240 1774584240
-0.7691926573  -1.101805786   9.559764633 -0.2390593726 -0.9234731258   12.07170594 1774584240 1774584240
-0.8893917234 -0.8767085411   8.811642588 -0.4419739063 -0.7909669498   10.96837604 1774584240 1774584240
-0.9430033136 -0.7050338978   8.292199397 -0.6976213854 -0.6569100706   9.810784258 1774584240 1774584240
 -1.019127191 -0.5600056391   8.013175541 -0.9856926123 -0.5317174341   8.745749647 1774584240 1774584240
 -1.150657473 -0.3866930764   8.081475671 -1.281746484 -0.426148167  7.905179241 1774584240 1774584240
   -1.2475339 -0.3387838292   8.434356818  -1.557446596 -0.3462582021   7.385865401 1774584240 1774584240
 -1.349846739 -0.3511184856   9.068682984  -1.781612905 -0.2965425523   7.237967773 1774584240 1774584240
 -1.421087727 -0.3858138627   9.775759258  -1.925425516 -0.2795077268   7.456201165 1774584240 1774584240
 -1.462944518 -0.4661192877   10.49212777 -1.968513776 -0.295702168  7.982735771 1774584240 1774584240
 -1.518551766 -0.5850810423   11.16455579 -1.902527997 -0.344696349  8.718719381 1774584240 1774584240
 -1.516927264 -0.6638568238   11.46051575  -1.733027593 -0.4260410025   9.538837643 1774584240 1774584240
-1.432628175 -0.780936276  11.54576427  -1.482903969 -0.5355344903   10.31181515 1774584240 1774584240
 -1.403669873 -0.9970984635   11.28864429  -1.188795404 -0.6712736583   10.92652643 1774584240 1774584240
-1.348078796 -1.099590955  10.86996291 -0.8962851405 -0.8185965686   11.29387161 1774584240 1774584240
-1.266141787 -1.156109031  10.20854821 -0.6526984923 -0.9692178541   11.37613473 1774584240 1774584240
-1.242250263 -1.205325113  9.665430733 -0.4994730662   -1.10945217   11.18256355 1774584240 1774584240
-1.192001804 -1.224690529  9.086141401 -0.4626341398  -1.224928369   10.76651122 1774584240 1774584240
-1.212834789 -1.167813937  8.735932226 -0.5533944185  -1.313801365   10.21637432 1774584240 1774584240
-1.288140023 -1.192525083  8.565746035 -0.7605863545  -1.371339827   9.632049188 1774584240 1774584240
-1.420538422 -1.231020597  8.603389871 -1.056363173 -1.399588848  9.112993703 1774584240 1774584240
-1.592948324 -1.259785677  8.778223651 -1.400297937 -1.403089678   8.73662279 1774584240 1774584240
-1.828626222 -1.298636651  9.108518006 -1.744213093   -1.3875918   8.54674225 1774584240 1774584240
-2.005499412 -1.363105274  9.382885523 -2.041576037 -1.358778536   8.54737544 1774584240 1774584240
-2.151159724 -1.358792608  9.612997073 -2.253810513 -1.321355279  8.704722908 1774584240 1774584240
-2.258156052 -1.287735358  9.757558123  -2.35717259 -1.278408729  8.955386367 1774584240 1774584240
-2.250616726 -1.199715296  9.758096278 -2.346044932 -1.231529408  9.221088701 1774584240 1774584240
-2.121227884 -1.049951615  9.605366551 -2.233230513 -1.180886288  9.424937256 1774584240 1774584240
 -1.966289837 -0.9897547507   9.337159593 -2.049526709 -1.125732735  9.506871473 1774584240 1774584240
 -1.706837561 -0.8966118112    8.95686602 -1.833228278 -1.066356446  9.440601709 1774584240 1774584240
 -1.475507903 -0.7871904216   8.666046689 -1.632603093 -1.004988821  9.235630708 1774584240 1774584240
 -1.316222524 -0.7663419401   8.448313343  -1.487595627 -0.9429669375   8.930923273 1774584240 1774584240
 -1.204922068 -0.8127786368   8.244832871  -1.436063908 -0.8825671523   8.596105307 1774584240 1774584240
 -1.230800389 -0.8898768601   8.253408731  -1.497495623 -0.8270497149    8.31437099 1774584240 1774584240
-1.409817523  -1.00317996  8.436288333  -1.672059436 -0.7812139511   8.165344015 1774584240 1774584240
-1.754126156 -1.074737759  8.830379476 -1.947599894 -0.746842802  8.211222484 1774584240 1774584240
-2.061688786 -1.054850274  9.258687957  -2.294475396 -0.7259762778   8.481914837 1774584240 1774584240
 -2.570810828 -0.9490422042   9.939535999 -2.675241033 -0.716929828  8.967529184 1774584240 1774584240
 -2.890514447 -0.8565028488   10.40110563  -3.048283525 -0.7168124852   9.619242237 1774584240 1774584240
 -3.303154414 -0.6926517458   10.88107853  -3.375086041 -0.7179546265   10.35618934 1774584241 1774584241
 -3.629819911 -0.4134190863    11.1481149  -3.625569796 -0.7111049544   11.07678181 1774584241 1774584241
 -3.855075871 -0.1836503475   11.20259988  -3.777071221 -0.6871871862    11.6741611 1774584241 1774584241
  -3.959976649 0.006388953033    11.06464754  -3.823341872 -0.6393227198   12.05408569 1774584241 1774584241
  -3.864466348 -0.02739058844    10.78429137  -3.769572099 -0.5629217613   12.15034407 1774584241 1774584241
  -3.684200008 -0.09461432217    10.28550508 -3.634399416 -0.453886957  11.94040321 1774584241 1774584241
 -3.543527205 -0.1280943896   9.793343065  -3.444365236 -0.3135395766   11.44228299 1774584241 1774584241
 -3.348437982 -0.1619893605   9.244483221   -3.22554223 -0.1489438479   10.71621086 1774584241 1774584241
-3.122848976 -0.136984217  8.590649076  -3.004852134 0.03103586119   9.851989177 1774584241 1774584241
-2.983494945 -0.110604303  8.228452033   -2.8013565 0.2110203958   8.95605947 1774584241 1774584241
 -2.815348592 -0.1019836253   7.896109508 -2.628772876 0.3739993622  8.137260096 1774584241 1774584241
   -2.664022321 -0.001217882019      7.77443417 -2.494889243 0.5066399601  7.491414032 1774584241 1774584241
-2.453337741 0.2105533552  7.760615338  -2.39999825 0.5942447947  7.085157305 1774584241 1774584241
-2.215911913 0.5033125773  7.894607905  -2.33992048 0.6322870745   6.95147218 1774584241 1774584241
-1.966306259  0.726676331  8.114026525 -2.311555539 0.6160512896  7.090927139 1774584241 1774584241
-1.772011181 0.8327526574  8.434155879 -2.307772329 0.5551676705   7.46753845 1774584241 1774584241
-1.701650936 0.8512673354   8.70222879 -2.322825096 0.4644825291  8.022520825 1774584241 1774584241
-1.717876902    0.8129248    9.0449471 -2.351471109 0.3637929309  8.683596891 1774584241 1774584241
-1.840709038 0.7432070937  9.472875141  -2.38532785 0.2788342986  9.374114644 1774584241 1774584241
-2.051633495 0.5702604231  9.862235239 -2.416571567 0.2286577547  10.02269441 1774584241 1774584241
 -2.34783739 0.3841266881  10.25426575  -2.43365851 0.2293933649    10.570362 1774584241 1774584241
-2.491940723 0.3325248997  10.49427588 -2.422176212 0.2910022557  10.97705004 1774584241 1774584241
-2.719921829 0.3708952659  10.76784093 -2.367534634 0.4138522505  11.22191613 1774584241 1774584241
-2.886807457 0.5808638404  11.06359598  -2.25646463 0.5881914952   11.3029873 1774584241 1774584241
-2.894091255 0.6643591014  11.24311959   -2.0813348 0.7894416765  11.23299974 1774584241 1774584241
-2.886225873 0.5418484306  11.35859714 -1.841967782 0.9898602137  11.03778712 1774584241 1774584241
-2.745804953  0.422958712  11.41110163 -1.545795447   1.16057455  10.75185023 1774584241 1774584241
-2.433607873 0.3551315253  11.44532993 -1.209497015  1.273719879  10.41051881 1774584241 1774584241
-1.916401828  0.333443663  11.45111015 -0.8533858846   1.305854592   10.05100675 1774584241 1774584241
-1.333077496 0.2890665445  11.40966714 -0.5090654726   1.242948582   9.707793827 1774584241 1774584241
-0.785148609 0.1572901955  11.32697475 -0.2109636524   1.086762667   9.412161159 1774584241 1774584241
  -0.4616897365 -0.003715414997     11.22642909 0.01738639595  0.8515771954   9.188430872 1774584241 1774584241
-0.1573376245  -0.112276574   11.05433621 0.1576795653 0.5661071645   9.04850765 1774584241 1774584241
0.07063508724 -0.1730671431   10.83177665 0.2210330467 0.2539027017  8.998517516 1774584241 1774584241
 0.1522892804 -0.2158774062   10.58125489   0.2160433546 -0.04987466312    9.037609537 1774584241 1774584241
0.09168157512 -0.2105275141   10.34224423  0.1631377885 -0.3135086587   9.153680429 1774584241 1774584241
-0.04652496059  -0.1759746448    10.18664415 0.09339633418 -0.5180592216   9.327230366 1774584241 1774584241
-0.2055922515 -0.1257814261   10.00525788 0.02634507977 -0.6431897286   9.529661121 1774584241 1774584241
 -0.3438029156 -0.06212502751    9.825257798 -0.01987862951  -0.6839270499     9.73092189 1774584241 1774584241
 -0.4047303075 -0.04211875066    9.713308347 -0.04147076956  -0.6413568697    9.903362453 1774584241 1774584241
-0.3252578591 -0.0676975277   9.646294527 -0.04550496028  -0.5256425944     10.0217848 1774584241 1774584241
 -0.2711112213 -0.05918344233    9.615011841 -0.04703165517  -0.3553390786    10.07171781 1774584241 1774584241
-0.2002905621 0.00791859064   9.589405374 -0.07049095341   -0.150880163    10.04936361 1774584241 1774584241
-0.1248081056    0.13080754   9.573520655 -0.1384545582 0.06367695665   9.964691747 1774584241 1774584241
-0.130839799 0.2722193544  9.572233228 -0.2697108005  0.2658863095   9.839501042 1774584241 1774584241
-0.2287987537  0.3679824384   9.591901661 -0.4716842616  0.4358793697   9.703647408 1774584241 1774584241
-0.3899374097  0.4054805788   9.621782513 -0.7382397976  0.5584943386   9.589143003 1774584241 1774584241
-0.6979305809  0.4398680867   9.703391511 -1.053579559 0.6253342117  9.524135797 1774584241 1774584241
-1.082856494 0.4612777505  9.813849665 -1.390795682 0.6345848264  9.528325597 1774584241 1774584241
-1.498653086 0.4384326638  9.954564191 -1.716019462 0.5903475505  9.608592304 1774584241 1774584241
 -1.88601677 0.3376681068  10.10843329  -1.99723771 0.5023259213  9.756152876 1774584242 1774584242
-2.142879148 0.2239667039  10.19798105 -2.209616309 0.3844197839  9.947683759 1774584242 1774584242
  -2.51279426 0.09542347304   10.31126542  -2.33915291 0.2536631592  10.14901022 1774584242 1774584242
 -2.700329387 0.04987045996   10.31539972 -2.385405348 0.1278384614  10.32108406 1774584242 1774584242
 -2.806098041 0.07129090544   10.22313602  -2.361119003 0.02160493707   10.42706083 1774584242 1774584242
 -2.851941591 0.05551122738   10.06632863  -2.28914561 -0.053565365  10.44024791 1774584242 1774584242
 -2.824174785 0.04547613588   9.909502585   -2.197960442 -0.08925209035    10.34961395 1774584242 1774584242
 -2.582797754 0.06096209742   9.646313572   -2.117364883 -0.08222774568    10.16314047 1774584242 1774584242
-2.328234326 0.1524151091  9.366578904   -2.073408995 -0.03576585152    9.905121098 1774584242 1774584242
-2.152805423  0.276943264  9.150156843  -2.080186186 0.04270296445   9.614657469 1774584242 1774584242
-2.087176025 0.3036881224  9.028334707 -2.138944928 0.1435193564  9.338610254 1774584242 1774584242
-2.058866953 0.3216016324  8.967258908 -2.236112159 0.2569626147  9.119187048 1774584242 1774584242
-2.087707354 0.4411894722  8.968226434 -2.350995486 0.3700561199   8.98726143 1774584242 1774584242
-2.175965177 0.5431674695  9.046856506 -2.456979897 0.4722713842  8.958819899 1774584242 1774584242
-2.284869656 0.6104003105  9.140586247 -2.526266962 0.5574408075  9.029282704 1774584242 1774584242
-2.339394916 0.6052287965  9.214630853 -2.538159915 0.6213904166  9.176009972 1774584242 1774584242
 -2.35099913 0.5766290778  9.271609694 -2.480519377  0.665817047  9.360077193 1774584242 1774584242
-2.25152726 0.602433297 9.273583353 -2.356038902 0.6909637067  9.535424443 1774584242 1774584242
 -2.07612832 0.6770008185  9.189872113 -2.179567302 0.7015065828  9.659295079 1774584242 1774584242
-1.900539721 0.7493607322  9.063334466 -1.977506155 0.7012609337  9.699960344 1774584242 1774584242
-1.818005475 0.6212090516  8.953316822 -1.783480971 0.6922452757  9.643723226 1774584242 1774584242
-1.624862362 0.6111886186   8.85972753 -1.633862377 0.6762316397  9.501492961 1774584242 1774584242
-1.388757057 0.7201123222  8.818728966 -1.560549037 0.6509016556  9.302935364 1774584242 1774584242
-1.352833356 0.7768345562  8.906194792 -1.584999289 0.6143919686  9.089579449 1774584242 1774584242
-1.485200289 0.7841318548  9.112211046  -1.71612198 0.5610814459  8.914033494 1774584242 1774584242
-1.653268208 0.7238612485  9.356461689 -1.947361215 0.4873358158  8.825594918 1774584242 1774584242
-1.980566187 0.5651900224  9.736160627 -2.262445313 0.3943316229   8.85869629 1774584242 1774584242
-2.495386502 0.3417737483  10.21224324 -2.627588328 0.2797831877  9.031875959 1774584242 1774584242
-2.98196015 0.100079861 10.62245457 -3.010415587 0.1477949691   9.33565245 1774584242 1774584242
-3.454102121 -0.165181681  10.90196101   -3.368546824 0.001548500854    9.736046983 1774584242 1774584242
 -3.799087132 -0.4309809006   10.93339567  -3.665192451 -0.1544444153   10.17716334 1774584242 1774584242
 -4.090520734 -0.7331685051    10.8447832  -3.872065396 -0.3173183179   10.59372204 1774584242 1774584242
-4.239637366 -1.003148561  10.47403587  -3.964270608 -0.4836976867   10.92107521 1774584242 1774584242
-4.138110631 -1.212626565  10.01796406  -3.933846586 -0.6546370111   11.10107955 1774584242 1774584242
-3.856975792 -1.421522353  9.577076398  -3.780731475 -0.8314835506   11.10137418 1774584242 1774584242
-3.570197748 -1.637961956  9.271087014 -3.517470841  -1.01782275  10.91680971 1774584242 1774584242
-3.100761633 -1.888119621  8.883579237 -3.166091186 -1.216469717  10.57114233 1774584242 1774584242
-2.389976109   -2.1863414  8.611952589 -2.752189911  -1.42889854  10.11288605 1774584242 1774584242
 -1.78823034 -2.381950603  8.597105103 -2.306837871 -1.652488658  9.606109463 1774584242 1774584242
-1.308145642 -2.483414381  8.731389847 -1.859279017 -1.882048863  9.120181668 1774584242 1774584242
-0.8503213932  -2.640228474   8.898157819 -1.435092701 -2.107949665  8.716275769 1774584242 1774584242
-0.439730561 -2.689978565  9.100701958 -1.057979528 -2.316846324   8.44288376 1774584242 1774584242
-0.08058460281   -2.603477613    9.398249469 -0.7460996924  -2.496164251   8.325766513 1774584242 1774584242
-0.05573764935   -2.438790127    9.571112242 -0.5136072513  -2.637182789   8.370318713 1774584242 1774584242
-0.07950133966   -2.218891307    9.639364967 -0.3592806527  -2.707707569   8.554970691 1774584242 1774584242
-0.3016055529  -1.758176751    9.69173663 -0.2839873373  -2.699216651   8.849154373 1774584242 1774584242
-0.4893406753  -1.386267128   9.662592818 -0.277453209 -2.600359757  9.191000406 1774584242 1774584242
-0.6756828546 -0.9969214924   9.578088754 -0.3300456927  -2.416546077   9.531028466 1774584242 1774584242
  -0.80856528 -0.7581714172   9.500378567 -0.4286761561  -2.161896175   9.825115991 1774584242 1774584242
-0.8677693318 -0.6919522595   9.476057594 -0.5587422243  -1.859398649   10.04211395 1774584242 1774584242
-0.9120863311 -0.7547599732   9.483503527 -0.706624766 -1.540047774  10.16706814 1774584243 1774584243
-0.9778472082 -0.8953594849   9.537213616 -0.8598504945  -1.236626606   10.20255135 1774584243 1774584243
-1.064862971 -1.052208346  9.646433284  -1.008347974 -0.9795480048   10.16295692 1774584243 1774584243
-1.183250271 -1.261472967  9.781897528  -1.144216987 -0.7920948871   10.07001242 1774584243 1774584243
-1.267246268 -1.432076892  9.885981768   -1.26136337 -0.6857472659   9.948435082 1774584243 1774584243
 -1.38746734 -1.502678443  9.934738891  -1.357662416 -0.6623679312   9.821276296 1774584243 1774584243
-1.509275217 -1.556473059  9.939842501  -1.432228188 -0.7116039274   9.703242349 1774584243 1774584243
-1.635965787 -1.592295623  9.847185033  -1.487338233 -0.8166410434   9.601251317 1774584243 1774584243
-1.721833909 -1.552098113   9.64451201  -1.527091962 -0.9544538605   9.514429032 1774584243 1774584243
 -1.73152047 -1.452007024  9.422903549 -1.556108872 -1.100074983   9.43791697 1774584243 1774584243
-1.733883595 -1.328844389  9.223042111 -1.581149338 -1.233057756  9.365588461 1774584243 1774584243
-1.718978366 -1.157153859  8.987070184 -1.609429994 -1.338482379  9.292833971 1774584243 1774584243
 -1.716646328 -0.9998480431    8.81615892 -1.651777484 -1.408081236  9.219175984 1774584243 1774584243
 -1.721712818 -0.9097210962   8.790846427 -1.715237813 -1.439698683    9.1510439 1774584243 1774584243
 -1.806855276 -0.8008482932   8.867554522 -1.809968612 -1.435162892  9.099398792 1774584243 1774584243
 -1.895832775 -0.7207804495   9.037230152 -1.942503188 -1.398202536  9.078609509 1774584243 1774584243
 -2.114095506 -0.6358413756   9.390236362 -2.113536668 -1.332734125  9.103528269 1774584243 1774584243
-2.404706147 -0.555347834  9.850198755  -2.32270583 -1.240910106  9.185759541 1774584243 1774584243
 -2.607590892 -0.4971835915   10.18309552 -2.559322761 -1.123331946  9.331785892 1774584243 1774584243
 -2.878985947 -0.3934032043   10.59044766  -2.808301703 -0.9787741101   9.539263936 1774584243 1774584243
 -3.033025202 -0.2642888358   10.83915704   -3.05068735 -0.8069022775   9.795531936 1774584243 1774584243
  -3.326080931 -0.09217970582    10.98663233  -3.263525658 -0.6094667586   10.07941563 1774584243 1774584243
 -3.535801469 0.07523974851   10.99398287  -3.425058262 -0.3940202074   10.36061306 1774584243 1774584243
-3.577069847 0.1480895543  10.86143942  -3.516289867 -0.1730360183   10.60558618 1774584243 1774584243
-3.48344404 0.190363545 10.60430263  -3.526981212 0.03726001502   10.78261738 1774584243 1774584243
 -3.283427561 0.07185101959   10.32243202 -3.457165163 0.2165944682  10.86195237 1774584243 1774584243
  -3.061967933 -0.08448551596     9.95585577 -3.318085142 0.3462333147  10.82364693 1774584243 1774584243
 -2.922892803 -0.1154532635   9.623658226 -3.131347178  0.411263744  10.65807524 1774584243 1774584243
  -2.781572615 -0.08350185594    9.302776117 -2.924264624  0.403234444  10.36775771 1774584243 1774584243
  -2.694157968 -0.04005360815    9.052106373 -2.724674498 0.3218811939  9.967836033 1774584243 1774584243
  -2.62421694 0.02749027675   8.927370696 -2.558234101 0.1765255931  9.489136692 1774584243 1774584243
 -2.563247876 0.02434550635   8.838103475  -2.443101333 -0.0121216853   8.970757317 1774584243 1774584243
 -2.530302274 0.02219396553   8.799863672  -2.387950998 -0.2128189294   8.461405945 1774584243 1774584243
 -2.560364187 0.01576138424   8.761468845  -2.386792675 -0.3946589519    8.01187771 1774584243 1774584243
  -2.657031394 0.001586736382    8.708447097  -2.424154054 -0.5239654053   7.672369871 1774584243 1774584243
 -2.751411968 0.05615881651   8.664036875  -2.478080167 -0.5774715943   7.486542806 1774584243 1774584243
 -2.840416556 0.07512980717   8.634072145  -2.524920443 -0.5367388701   7.486027563 1774584243 1774584243
-2.831766145 0.1076114572  8.671970773  -2.543274469 -0.3968470914   7.684271933 1774584243 1774584243
-2.828568355  0.129850903  8.767574463  -2.524827213 -0.1697284224   8.069969269 1774584243 1774584243
 -2.75293079 0.2227415929  8.976078027 -2.463543239 0.1259334954  8.612889471 1774584243 1774584243
-2.642992208 0.3066033535  9.270453615 -2.375174177 0.4560616176   9.26043449 1774584243 1774584243
-2.518562474 0.3452222569  9.688200855 -2.281151894 0.7832253498  9.944779302 1774584243 1774584243
-2.374123847 0.3809815264  10.00895755 -2.206905035  1.071152367  10.58848419 1774584243 1774584243
-2.175086165  0.474365494  10.43694089 -2.178632335  1.286619378  11.11896827 1774584243 1774584243
-2.080670303  0.592540332  10.66376279 -2.213882079  1.406364584  11.47528522 1774584243 1774584243
-1.987929418 0.7693471396   10.7996321 -2.316068986   1.41706996  11.61744493 1774584243 1774584243
-1.966145176 0.7148295177   10.7029132 -2.472198667  1.320246903   11.5294361 1774584243 1774584243
 -2.02170998 0.6247957958  10.51568497 -2.652892169  1.132281591  11.22463124 1774584243 1774584243
-2.142881087 0.5066360276  10.11307357  -2.81647762 0.8787030631  10.74596749 1774584243 1774584243
-2.204408338 0.4858392908  9.630431371 -2.913398224 0.6077984872  10.15856671 1774584243 1774584243
-2.190722791 0.5378060221  8.977881823 -2.892548454 0.3491977159   9.53834561 1774584244 1774584244
-1.980964014 0.6072350272  8.543394285 -2.719465997 0.1287676413  8.964096484 1774584244 1774584244
-1.777067642  0.658598149  8.357155048   -2.379582714 -0.03047023519    8.501263024 1774584244 1774584244
-1.419142049  0.726726712  8.159565219  -1.882131902 -0.1144302863   8.202678361 1774584244 1774584244
-0.902675544 0.7412326563  8.132306836  -1.255940309 -0.1275931457   8.097270463 1774584244 1774584244
-0.1617410477   0.567348385   8.359129029  -0.5654251706 -0.08642169935    8.186812368 1774584244 1774584244
0.3453546913 0.2458970648  8.700059853     0.1026462469 -0.0009814519155      8.442773865 1774584244 1774584244
 0.5630678158 0.01273696486   8.967107092 0.6711459182 0.1116695347  8.816995161 1774584244 1774584244
 0.7316531859 -0.1405097412   9.325623069  1.069364336 0.2371359258   9.25321408 1774584244 1774584244
 0.7769811697 -0.3247463302   9.775221384 1.263892332 0.327256053 9.692910578 1774584244 1774584244
 0.4887396073 -0.5683789811   10.25723564  1.231896521 0.3640381881  10.08568781 1774584244 1774584244
 0.1208741607 -0.7061455196   10.44679129 0.9855812694 0.3344601848  10.38494527 1774584244 1774584244
-0.1202334853 -0.7687427654   10.50360468 0.5686128995 0.2287078361  10.56776771 1774584244 1774584244
-0.4193002003  -0.789874991   10.54979974 0.04300769072 0.05460103191   10.63367478 1774584244 1774584244
-0.6991031855 -0.7515749847   10.54959497 -0.5162040356 -0.1720278023   10.59597795 1774584244 1774584244
 -1.021618589 -0.6358052017   10.46280512  -1.036103826 -0.4256999965   10.48072637 1774584244 1774584244
 -1.073487339 -0.5578819681   10.36581487  -1.456662149 -0.6770291215   10.31841763 1774584244 1774584244
 -1.080832709 -0.4829529547   10.27378769  -1.740041975 -0.8964674888   10.13947283 1774584244 1774584244
  -1.06498241 -0.4351042213    10.1735662 -1.875213149 -1.058404677  9.969949971 1774584244 1774584244
 -1.023945846 -0.3854853958   10.02940807  -1.87781648 -1.143659434  9.828558905 1774584244 1774584244
 -1.004183833 -0.3443776974   9.844522617 -1.784561754 -1.142183947  9.725077455 1774584244 1774584244
 -1.138134243 -0.3270560344   9.729526766  -1.64500329 -1.054010857  9.661335897 1774584244 1774584244
 -1.263242759 -0.3503202441   9.663246285  -1.508702207 -0.8892214149   9.632488934 1774584244 1774584244
 -1.386713067 -0.3357089183   9.594023715 -1.416986299 -0.666204963  9.629584054 1774584244 1774584244
 -1.562550797 -0.2642076164   9.534589137  -1.394793756 -0.4102909222   9.642290119 1774584244 1774584244
 -1.762994179 -0.1639777949   9.513429893  -1.446526519 -0.1508260636   9.661627403 1774584244 1774584244
 -1.915146369 -0.1077434105   9.526786012  -1.556273111 0.08257395909   9.681539043 1774584244 1774584244
  -2.012185265 -0.09471047772    9.545160931 -1.692208855 0.2632593884  9.699092076 1774584244 1774584244
  -2.052995789 -0.07899246175    9.582646734 -1.814184489 0.3708659192  9.714073037 1774584244 1774584244
 -1.998975712 -0.0605514417   9.656439906 -1.882743264 0.3938461056   9.72846949 1774584244 1774584244
 -1.811271451 -0.1114286041   9.747151713 -1.867539283 0.3311568984  9.745030841 1774584244 1774584244
 -1.603484446 -0.2067103048   9.814072904 -1.753951611 0.1926991053  9.766296708 1774584244 1774584244
 -1.452928431 -0.3071825927   9.849684095    -1.545958465 -0.002466244473     9.793317273 1774584244 1774584244
 -1.239286259 -0.4213425823    9.89003634  -1.265886345 -0.2275064153   9.824799276 1774584244 1774584244
-0.9387418898 -0.5485456823    9.93347416 -0.9506929906 -0.4513714963   9.858299777 1774584244 1774584244
 -0.664522753 -0.6353739073   9.958367617 -0.6450159266 -0.6438666827   9.890289042 1774584244 1774584244
-0.4605962675 -0.6822677833    9.96232531 -0.3933920035 -0.7798125005    9.91697287 1774584244 1774584244
-0.4308177897 -0.6816010546   9.953801416 -0.230046708  -0.84643345  9.936202732 1774584244 1774584244
-0.4058898969 -0.6433553433   9.944191768 -0.1768793638 -0.8371153452   9.942851135 1774584244 1774584244
-0.4461846768 -0.4917637732   9.925082088 -0.2411402436  -0.754369459   9.934573433 1774584244 1774584244
-0.5128268591 -0.2706134709   9.907219293 -0.4101898329  -0.614231383   9.909561734 1774584244 1774584244
  -0.629034393 -0.07469469288    9.883625362 -0.6582696025 -0.4383963725   9.868669254 1774584244 1774584244
-0.7786867868 0.04315735136   9.858952216 -0.9504618172   -0.25178928   9.811399572 1774584244 1774584244
-0.9189256132  0.1636308782   9.826717422  -1.249708713 -0.0783438996   9.736502564 1774584244 1774584244
-1.190413706 0.3330995271  9.748960072  -1.524196091 0.06297941762   9.644512512 1774584244 1774584244
  -1.4199224 0.4475244985   9.64751744 -1.746637968  0.158953471  9.537178807 1774584244 1774584244
-1.727336576 0.4694770763  9.472076524 -1.90169938 0.205672458 9.418865844 1774584244 1774584244
-1.939099878 0.4049178754   9.31591165 -1.984274166 0.2077760562  9.296347422 1774584244 1774584244
-2.071786855 0.3241305599  9.171957373 -1.997665517 0.1775824181  9.178704858 1774584244 1774584244
-2.228458825 0.1702112229  8.944437543 -1.960425895  0.136518545  9.076919071 1774584244 1774584244
  -2.290181953 0.009295077055    8.760139527 -1.889200301 0.1048730642  9.004695732 1774584245 1774584245
 -2.297608816 -0.1904265081   8.630216368 -1.801005076 0.1014446324  8.977502835 1774584245 1774584245
 -2.278399552 -0.3401960874   8.603925547 -1.710688136  0.141377201  9.005609184 1774584245 1774584245
 -2.172558246 -0.3870905088    8.67650838 -1.631756615 0.2328588172  9.093869254 1774584245 1774584245
 -1.987829887 -0.3629973448   8.892383747 -1.582147485 0.3707080659  9.242327743 1774584245 1774584245
 -1.814057385 -0.2277483526   9.257221882 -1.565063518 0.5407787106  9.445125896 1774584245 1774584245
  -1.681461877 -0.08247415884    9.645251633 -1.582430303 0.7223238171  9.690917717 1774584245 1774584245
-1.641028087  0.120251532  10.13317467 -1.634938167 0.8890781282  9.958766692 1774584245 1774584245
-1.730578798 0.2966481546  10.52740012 -1.722011611  1.014637025  10.22547104 1774584245 1774584245
-1.952009147 0.4961460083  10.87782888 -1.841682469  1.071889877  10.46814526 1774584245 1774584245
-2.272505438 0.6177427776  11.10158556 -1.990345165  1.048419634   10.6662447 1774584245 1774584245
-2.613438925  0.659175199  11.17516271  -2.16174828 0.9377729574  10.80430991 1774584245 1774584245
-3.013944588 0.5606278506  11.10910344 -2.347097919 0.7490966406  10.87141133 1774584245 1774584245
-3.278383107 0.3691760008   10.9288632 -2.533320512 0.5008972167  10.86601717 1774584245 1774584245
-3.455926156 0.1372334985  10.67381063  -2.70416648 0.2222241744  10.79032934 1774584245 1774584245
  -3.587184928 -0.06315476166     10.3081638  -2.843610468 -0.0501622618    10.6514958 1774584245 1774584245
 -3.573398752 -0.2472977202   9.978306334  -2.936612126 -0.2804161569   10.45893133 1774584245 1774584245
  -3.46244324 -0.4892337124    9.58004287  -2.97275469 -0.436757787  10.22279052 1774584245 1774584245
 -3.302405178 -0.6301169339   9.286783531  -2.948289596 -0.4960016418   9.950304488 1774584245 1774584245
 -3.081355706 -0.7032956862   9.000633535  -2.866822346 -0.4481428177   9.646271151 1774584245 1774584245
 -2.738390971 -0.5960134685   8.717889402  -2.738157459 -0.2955121619    9.31478443 1774584245 1774584245
 -2.455842549 -0.3718022161   8.499187508   -2.582605651 -0.05688541569     8.96022031 1774584245 1774584245
  -2.178581685 0.001390681314    8.230132685 -2.424310126 0.2375210195  8.592292241 1774584245 1774584245
-2.026147023 0.3072470798  8.037570362 -2.289733312 0.5469048994  8.230472473 1774584245 1774584245
-1.925991647 0.5753612747  7.911054407  -2.20315657 0.8322368635  7.902910404 1774584245 1774584245
-1.918545495 0.8211719115  7.877520946 -2.183721464    1.0549487  7.644174169 1774584245 1774584245
-1.924932507  1.032039068  7.965943291 -2.244331142  1.182499327  7.497592322 1774584245 1774584245
-1.995082708  1.139030515  8.229155121  -2.3795548 1.194513605 7.493813609 1774584245 1774584245
-2.223170405  1.054318152  8.633746073 -2.56888076 1.084929461 7.652257351 1774584245 1774584245
-2.468600666 0.8573725354  9.120858486 -2.790076614 0.8642107115  7.984016587 1774584245 1774584245
-2.787163614 0.4977352543  9.755397275 -3.017424339  0.557466149  8.472818798 1774584245 1774584245
-2.979683808 0.1874557818  10.21582386 -3.220206981 0.1943592158  9.084767513 1774584245 1774584245
 -3.195905199 -0.2321873254   10.74938788   -3.37595029 -0.1892797207   9.763532493 1774584245 1774584245
  -3.39338788 -0.6903357452   11.16634406  -3.462373625 -0.5572979158   10.44113316 1774584245 1774584245
 -3.55268556 -1.057875371  11.29650604  -3.475979764 -0.8789055905   11.04236369 1774584245 1774584245
-3.571832191 -1.279510775  11.24876383 -3.419700894 -1.133240275  11.49664163 1774584245 1774584245
-3.545471488 -1.429495413  11.05662657 -3.301127027 -1.307270097  11.75026281 1774584245 1774584245
-3.537548403 -1.510612651  10.64900565 -3.136986558  -1.40047743   11.7733712 1774584245 1774584245
-3.421462878 -1.530780192  10.18226058 -2.945139377 -1.423536759  11.56417305 1774584245 1774584245
-3.165624513 -1.496158103  9.540070734 -2.745718725 -1.396109548  11.15147602 1774584245 1774584245
-2.989303221 -1.485075563  9.203473662 -2.556915158 -1.342419998  10.58862755 1774584245 1774584245
-2.743087824 -1.509917577  8.912834015 -2.393031671 -1.287047243  9.945182356 1774584245 1774584245
-2.459643289 -1.552495134  8.702126754 -2.259468465 -1.252572491  9.298033194 1774584245 1774584245
-2.223970985 -1.602873126  8.605766323 -2.160561744  -1.25366374  8.717113984 1774584245 1774584245
-1.880259994 -1.649546802  8.649004983 -2.094960063 -1.295869785    8.2586377 1774584245 1774584245
-1.692648454 -1.635170069  8.743196052 -2.060617526 -1.373380412  7.956329206 1774584245 1774584245
-1.583418075 -1.593976877  8.829628195    -2.052989 -1.470728488  7.820199869 1774584245 1774584245
-1.478741005 -1.499773241  8.932882889 -2.060703555 -1.566473623  7.839835077 1774584245 1774584245
-1.447371525 -1.378161176   9.00116492 -2.072937144 -1.635075497  7.986405751 1774584245 1774584245
-1.497055788 -1.162584221  9.034228025 -2.081371602 -1.651788247  8.221747142 1774584245 1774584245
-1.55975005 -1.01508748 9.036690721 -2.075168072 -1.598893338  8.506139674 1774584246 1774584246
-1.630301106 -0.856365273  9.043729769 -2.040381473 -1.469156043  8.805300976 1774584246 1774584246
 -1.701503417 -0.6027044733   9.078776529 -1.964509709 -1.267220666  9.094154082 1774584246 1774584246
  -1.70209434 -0.4593902299   9.150391749 -1.837476009 -1.010111983  9.355140431 1774584246 1774584246
 -1.562229721 -0.3570611784   9.362779306   -1.65592319 -0.7264880909    9.58491558 1774584246 1774584246
 -1.364579163 -0.3005092712   9.568797295  -1.422047876 -0.4545933797    9.78712218 1774584246 1774584246
 -1.092331344 -0.3276260322   9.781920074  -1.143298141 -0.2346059753    9.96811334 1774584246 1774584246
 -0.812249334 -0.4113040105   10.02176405  -0.8381271762 -0.09345653999    10.13863202 1774584246 1774584246
-0.5512117686 -0.4607271017   10.22958084  -0.5306562312 -0.05299855308     10.2988358 1774584246 1774584246
-0.2946859797 -0.4951242976   10.43060747  -0.245833243 -0.1254794995   10.44533302 1774584246 1774584246
-0.2359462959 -0.5354558067   10.46161221 -0.01427533004  -0.2971139753    10.57054506 1774584246 1774584246
    -0.250569 -0.5863839043   10.40647645  0.1319761488 -0.5340326942   10.66238985 1774584246 1774584246
 -0.248886311 -0.6361522784   10.31505544  0.1714290934 -0.7957967296   10.70874934 1774584246 1774584246
-0.4306774663 -0.7151583264   10.16133098 0.09272280943  -1.036276236   10.70658786 1774584246 1774584246
-0.8368072627 -0.7466364265   9.890411046 -0.09458172629   -1.216708239      10.651015 1774584246 1774584246
 -1.102872089 -0.7310751833   9.739351543 -0.368495758 -1.305433841  10.54772901 1774584246 1774584246
   -1.2996962 -0.6837885448   9.654759205 -0.6923172489   -1.28826776   10.41098502 1774584246 1774584246
 -1.404924889 -0.6583694283   9.637041417 -1.020830348 -1.169199787  10.26028191 1774584246 1774584246
 -1.47010435 -0.646820546  9.664345525  -1.309209556 -0.9670033705   10.11685335 1774584246 1774584246
 -1.465065989 -0.5790642998   9.824028324  -1.519512114 -0.7123905985    9.99950655 1774584246 1774584246
 -1.395070132 -0.5252339033   9.991703759 -1.627271049 -0.442131231  9.921648088 1774584246 1774584246
 -1.331105199 -0.4733882326   10.11197324  -1.625122438 -0.1938583389   9.888669396 1774584246 1774584246
-1.256480357 -0.416514534  10.20015545     -1.523851677 -0.0004873497966      9.896575731 1774584246 1774584246
 -1.232644008 -0.3777995429   10.24023047 -1.352145028 0.1205001485  9.935410036 1774584246 1774584246
 -1.233752175 -0.2720555727   10.20227428 -1.148600663 0.1587174919  9.987486532 1774584246 1774584246
 -1.282319709 -0.1722961096   10.07574516 -0.9585661037  0.1256701782   10.03392661 1774584246 1774584246
 -1.345674032 -0.1039246531    9.93427159 -0.8228479304 0.04723003215   10.05786045 1774584246 1774584246
 -1.409946723 -0.0483602818   9.790581093  -0.7687821602 -0.05502916905    10.04724919 1774584246 1774584246
 -1.500043168 -0.0035629754   9.645067311 -0.8068365074 -0.1547393446   9.998171193 1774584246 1774584246
 -1.586087416 0.02896213713   9.447047943 -0.9278434467   -0.23515381   9.913264276 1774584246 1774584246
    -1.61978556 -0.002946805587     9.331041366  -1.105499286 -0.2906785679   9.802725398 1774584246 1774584246
  -1.620897505 -0.06184934257    9.289278103  -1.301654601 -0.3273102564   9.681469907 1774584246 1774584246
 -1.535564687 -0.2030198773   9.285228709 -1.474733096 -0.362791229  9.564155466 1774584246 1774584246
 -1.491842048 -0.4182529337   9.283305555   -1.58831984 -0.4191049363    9.46425893 1774584246 1774584246
  -1.47825228 -0.6798437534   9.278799203  -1.618527041 -0.5194086908   9.389047789 1774584246 1774584246
 -1.432983035 -0.9338652872   9.262987764  -1.558793541 -0.6822150424   9.337848151 1774584246 1774584246
 -1.40854295 -1.110509391  9.230325367  -1.422084619 -0.9153061654   9.303946281 1774584246 1774584246
-1.409859734 -1.229001029  9.191817536 -1.240743859 -1.214771171  9.276545807 1774584246 1774584246
-1.420903466 -1.380644283  9.137418893 -1.057764587 -1.561793257  9.242250637 1774584246 1774584246
-1.401373538 -1.626329066  9.071016981 -0.9219153422  -1.926471821    9.18850413 1774584246 1774584246
-1.386467665 -1.913200322  9.030815083 -0.8770924424  -2.270774661   9.111355054 1774584246 1774584246
-1.475432668 -2.096101243  9.027846174 -0.9544000482  -2.554899998   9.014075215 1774584246 1774584246
 -1.60018222 -2.276105115  9.041101594 -1.168156963 -2.742244156  8.909825831 1774584246 1774584246
-1.873171515 -2.384562319  9.104576944 -1.509587071 -2.804674632   8.81960957 1774584246 1774584246
-2.312640615 -2.330394364  9.231536509 -1.948369047 -2.725339524  8.768307375 1774584246 1774584246
 -2.86428528 -2.077871791  9.428225423 -2.436670661 -2.508526297  8.782147808 1774584246 1774584246
-3.264619406 -1.735440406  9.549040175 -2.918678142 -2.169713645  8.879985706 1774584246 1774584246
-3.432140659 -1.532057275   9.65512914 -3.334420851 -1.738688277  9.073404108 1774584246 1774584246
-3.515055542 -1.296406001  9.804790862 -3.630985912 -1.252358997  9.350737971 1774584246 1774584246
 -3.622592152 -0.7723452544   9.937866386  -3.773008073 -0.7498763944   9.683727431 1774584246 1774584246
-3.475616278 -0.258401258  10.03682994  -3.741769212 -0.2717779404    10.0380417 1774584247 1774584247
-3.094283527 0.1545347114  10.09337608 -3.539268948 0.1458094184  10.37305803 1774584247 1774584247
-2.860180185    0.4268718  10.05939129 -3.190978813 0.4710923158  10.65255538 1774584247 1774584247
-2.569085943 0.7061218529  9.953545427 -2.731461534 0.6826757572  10.84025015 1774584247 1774584247
-1.995524642 0.8249735729  9.862714887  -2.22704085 0.7683545587  10.90262497 1774584247 1774584247
-1.249293252 0.6570333855  9.702085412 -1.730725105 0.7320416389   10.8295368 1774584247 1774584247
-0.8840639195  0.3819069081   9.570877949 -1.310933108 0.5908915162  10.62019053 1774584247 1774584247
-0.6363900705 -0.0407959188   9.468350562 -1.016930816 0.3735403451  10.29247546 1774584247 1774584247
 -0.543846543 -0.4561035656   9.320987084 -0.8862386749  0.1074526189    9.89361129 1774584247 1774584247
 -0.722325677 -0.7222193175   9.157762983 -0.9406916709 -0.1655276722   9.468817593 1774584247 1774584247
 -1.143285158 -0.7350695064   9.032089343  -1.169063607 -0.4148062388   9.065054947 1774584247 1774584247
 -1.561698257 -0.5720419133   8.990049554 -1.544731442 -0.608411088  8.722817325 1774584247 1774584247
 -1.867625592 -0.2822283901   9.005197292  -2.025947862 -0.7253498107   8.479929469 1774584247 1774584247
 -2.224620078 0.01209909706   9.056443794  -2.556938972 -0.7537321902   8.355889115 1774584247 1774584247
 -2.66453316 0.2998283049  9.154459092 -3.075064589 -0.690967493   8.35666666 1774584247 1774584247
 -3.08630012 0.4924122775  9.289963012  -3.540252562 -0.5531543628   8.467815053 1774584247 1774584247
-3.304306747 0.6002342113  9.397176505  -3.884481672 -0.3431572338   8.666468295 1774584247 1774584247
-3.399617812 0.6476744844  9.477235621  -4.076772068 -0.0847704572   8.921770468 1774584247 1774584247
-3.512922973 0.5667889724  9.526644052 -4.099634832 0.1943789991  9.203928507 1774584247 1774584247
-3.568228922 0.4568386441  9.541204535 -3.957692036 0.4667822395   9.47701126 1774584247 1774584247
-3.538838241 0.3437875999  9.504625537 -3.681043911 0.7043513968  9.715033485 1774584247 1774584247
-3.412332319 0.3406960834  9.461177637 -3.318099357 0.8871241173  9.898339253 1774584247 1774584247
-3.284085434 0.2904191719   9.41657106 -2.927890178 0.9973954638  10.01809813 1774584247 1774584247
-3.179048751 0.2542238882  9.362545347 -2.569280684  1.028970596  10.07295346 1774584247 1774584247
 -3.04466132 0.2984480174  9.370114464 -2.290726327 0.9817449442    10.072184 1774584247 1774584247
-2.799901958 0.3616908572  9.449752187 -2.125973108 0.8591237698  10.02824029 1774584247 1774584247
-2.637287021 0.3792861333  9.552597484  -2.09065174 0.6725382905  9.953486408 1774584247 1774584247
-2.488324867  0.361281571  9.668947437 -2.172273638 0.4355950002   9.86120509 1774584247 1774584247
-2.390040072 0.1906122755  9.787405616 -2.339902126 0.1688940369  9.756469346 1774584247 1774584247
  -2.363608803 -0.02981643536    9.841592882  -2.548419845 -0.1044536317   9.646301046 1774584247 1774584247
 -2.405026132 -0.3294901852   9.835369269  -2.744740446 -0.3629845329    9.53423911 1774584247 1774584247
 -2.484809199 -0.5179039044   9.736705737  -2.879347126 -0.5790238764   9.422896787 1774584247 1774584247
 -2.464992178 -0.6238353584   9.594025793 -2.914878831 -0.737854592   9.31705823 1774584247 1774584247
 -2.424346588 -0.6849755234   9.369171829 -2.831728577 -0.824546197  9.219214255 1774584247 1774584247
 -2.39289381 -0.630624141  9.183467516  -2.634507707 -0.8319982322   9.134961144 1774584247 1774584247
 -2.301418713 -0.4643573914   8.949938529  -2.351429838 -0.7597651139   9.075586119 1774584247 1774584247
-2.176088565 -0.226479911  8.811436419  -2.027331174 -0.6136970305   9.050279002 1774584247 1774584247
 -2.008057961 0.06112314215   8.804034312  -1.719347024 -0.4093458274   9.066589378 1774584247 1774584247
-1.793284988 0.2467618878  8.950198069  -1.482449242 -0.1634232071   9.131052065 1774584247 1774584247
-1.642736349 0.3506980346  9.145792477 -1.362265639 0.1044861616  9.241571849 1774584247 1774584247
-1.515139123 0.4656970681  9.492791146  -1.38233496 0.3836280081  9.391228574 1774584247 1774584247
-1.484794009  0.580822429  9.891793796 -1.542257492 0.6639013884  9.567960406 1774584247 1774584247
-1.489736232 0.5817713916  10.19695494  -1.82358591 0.9311452332  9.758250464 1774584247 1774584247
-1.621140782 0.5454369891  10.42133425 -2.18205444  1.17988881  9.94061395 1774584247 1774584247
-1.786526949 0.5970903061  10.48003922 -2.556101877  1.408103075  10.09212936 1774584247 1774584247
 -1.99210485 0.7423926026  10.45695151 -2.871081423  1.616925738   10.2002949 1774584247 1774584247
-2.157877597  1.046178283  10.29686864 -3.057931049  1.797984137  10.25432422 1774584247 1774584247
-2.331526315  1.450696872  9.984670409 -3.07451982 1.937089176 10.25060024 1774584247 1774584247
-2.271324132  1.789764804   9.67733018 -2.892512076  2.019488869  10.19523863 1774584247 1774584247
-2.085962153  1.924208779  9.510869255 -2.508272194  2.028449658  10.10010137 1774584247 1774584247
-1.693764836   1.99131535  9.321864645 -1.94051174 1.937372724 9.982080475 1774584248 1774584248
-1.03577327 1.857990701 9.205690084 -1.239365844  1.721664065   9.86010408 1774584248 1774584248
-0.2574549177   1.380596565   9.212178104 -0.4757957577   1.373801753    9.75488599 1774584248 1774584248
0.2013852877  0.788691155  9.327545874 0.2707837511 0.8993027349  9.687449535 1774584248 1774584248
0.5066068091 0.2408455824  9.481111355 0.9299262867 0.3179169737  9.657374521 1774584248 1774584248
  0.679554048 -0.1950306224    9.62944663   1.432849506 -0.3363274647   9.666575787 1774584248 1774584248
  1.02795694 -1.141655933  9.937297029  1.727956269 -1.022183631  9.705756739 1774584248 1774584248
0.9850953571 -1.891379149  10.20844456   1.78701707 -1.674944081  9.767341469 1774584248 1774584248
0.9865126204 -2.296589939  10.27392364  1.612048324 -2.217967168  9.825147743 1774584248 1774584248
0.7135475406 -2.503014812   10.2664149  1.221240047 -2.607092433  9.880907747 1774584248 1774584248
0.3950459571 -2.513835617  10.22680194 0.6621031332 -2.797792937  9.915583485 1774584248 1774584248
-0.1812936011  -2.323498172   10.07836037 -0.001295468445    -2.784816241     9.917357929 1774584248 1774584248
-0.8775365539  -1.834822241   9.865817153 -0.6975842841  -2.575223388   9.883964061 1774584248 1774584248
-1.541834729 -1.348221073  9.625776934  -1.35686089 -2.198942779  9.819293042 1774584248 1774584248
-1.900794828 -1.050923976  9.475396949 -1.921653525 -1.704384416  9.729921706 1774584248 1774584248
 -2.155117485 -0.8015983828   9.356826299 -2.349577489   -1.1536534   9.62797509 1774584248 1774584248
 -2.402846833 -0.4481292048   9.236462902 -2.619473399 -0.612250079  9.526835503 1774584248 1774584248
 -2.472757455 -0.1625279506   9.204781126  -2.730801367 -0.1395114655   9.439597262 1774584248 1774584248
   -2.43167459 -0.07130282908     9.24568707 -2.702171706 0.2194054737  9.376074486 1774584248 1774584248
  -2.320731418 -0.05918099108    9.318261819 -2.567828726 0.4390853113  9.342887284 1774584248 1774584248
  -2.188306893 -0.07544506019    9.398269687 -2.370628452 0.5164039056  9.340694468 1774584248 1774584248
  -1.952139139 -0.09867836805    9.533315277 -2.155747707 0.4697417978  9.365308594 1774584248 1774584248
 -1.693000015 -0.1192559983   9.684292473 -1.964198504 0.3339353996  9.409062015 1774584248 1774584248
-1.631629935 -0.105140803  9.746352125 -1.827262445 0.1530497883   9.46300273 1774584248 1774584248
  -1.621123237 -0.05719456128    9.771833208 -1.762387805 -0.028110721  9.517973529 1774584248 1774584248
  -1.662529289 -0.02249482016    9.769378695  -1.771461368 -0.1719942509    9.56756181 1774584248 1774584248
 -1.763686215 0.07314179185   9.741073987  -1.841247155 -0.2547100558   9.608852459 1774584248 1774584248
-1.970510518 0.2313000784  9.667616371  -1.946193005 -0.2693956776   9.643051797 1774584248 1774584248
-2.116653071 0.2842547822  9.621893648  -2.052883405 -0.2262600352   9.674131371 1774584248 1774584248
-2.216009098 0.2779256535  9.593259832  -2.125777426 -0.1494039701   9.708915894 1774584248 1774584248
-2.225755519 0.2313299233  9.594431655  -2.133079615 -0.0723583236   9.754270064 1774584248 1774584248
 -2.149426985 0.08557446107   9.631229207   -2.052137889 -0.03114026671     9.81433953 1774584248 1774584248
 -1.822935001 -0.2698823104   9.760565426   -1.873544779 -0.05679188447    9.889649349 1774584248 1774584248
 -1.587397403 -0.5339210749   9.856335341  -1.602836393 -0.1711292803   9.975883048 1774584248 1774584248
 -1.275266083 -0.8410902912    9.96590942  -1.260947127 -0.3789891607   10.06528242 1774584248 1774584248
-1.051338446 -1.077639921  10.03679194 -0.8810364518 -0.6664374188   10.14620705 1774584248 1774584248
-0.6459448048  -1.424137414   10.14052348 -0.5038065266  -1.002371703   10.20508276 1774584248 1774584248
-0.1606777136  -1.713019641   10.20956963 -0.172060275 -1.339059032  10.22935269 1774584248 1774584248
0.1197607339 -1.750372025  10.19670673 0.07560924609  -1.623379831   10.21134072 1774584248 1774584248
0.2229249794 -1.667708873  10.14198381 0.2142310543 -1.824769791  10.15209195 1774584248 1774584248
0.2193151751  -1.48919473  10.07954953 0.2298840192 -1.905387031  10.05370959 1774584248 1774584248
0.08363946882  -1.163419166   9.972615625   0.12564609 -1.850594612  9.925939597 1774584248 1774584248
-0.2751237494  -0.660719546   9.809974167 -0.08010603586   -1.664465571    9.782950594 1774584248 1774584248
-0.6476473942 -0.3346166018   9.707180591 -0.3569200081  -1.367515809   9.644293241 1774584248 1774584248
-0.9908436576 -0.1008604916   9.640957648 -0.6687957538 -0.9901018465   9.525491402 1774584248 1774584248
-1.230945795 0.0366389896  9.607008636 -0.9829560921 -0.5675491358   9.440858828 1774584248 1774584248
-1.561533989 0.1866888968  9.585821332 -1.275206006 -0.141214627  9.398866622 1774584248 1774584248
 -1.71232396 0.2511001041  9.613837603 -1.525878068 0.2470309595  9.402175015 1774584248 1774584248
-1.731337094 0.2475996546  9.664989438 -1.726407654 0.5643321107  9.445008503 1774584248 1774584248
-1.745160962 0.2159744181  9.692050192 -1.878764607 0.7884697653  9.514154234 1774584248 1774584248
-1.710680726 0.2151133285   9.71875579 -1.990945482 0.9086794001  9.594149421 1774584249 1774584249
-1.659245116 0.2289141172  9.741510715 -2.073141111 0.9251861645  9.666337188 1774584249 1774584249
-1.599084338 0.2895016864  9.744837101 -2.133906345 0.8540552969  9.713255345 1774584249 1774584249
-1.634814723 0.3386546346  9.711792003 -2.177523832 0.7191987554  9.721838299 1774584249 1774584249
-1.740822513 0.3726789781  9.661184021 -2.200930796 0.5494414595  9.685431692 1774584249 1774584249
-1.796685412 0.3966236903  9.614660509 -2.193093728 0.3732929333   9.60422277 1774584249 1774584249
-1.953694456 0.4527101924  9.498295193 -2.146059461 0.2239625455  9.487225024 1774584249 1774584249
 -2.08676426 0.5056404537  9.355446761  -2.04897536 0.1240896684   9.34975746 1774584249 1774584249
-2.235683538 0.5239842015  9.159400002  -1.896451941 0.08585093297   9.215132423 1774584249 1774584249
-2.298577088 0.4882021467  9.017786041 -1.688297014 0.1116008784  9.107555531 1774584249 1774584249
-2.251178881  0.452797246  8.918177424 -1.433438511 0.1973433758  9.048710029 1774584249 1774584249
-2.019696812 0.4053091265   8.79903542 -1.164514882 0.3349949727  9.054634028 1774584249 1774584249
-1.747375867 0.4143635895  8.762498996  -0.91390041 0.5042601713   9.13340199 1774584249 1774584249
-1.438706136 0.4662211542  8.839710925 -0.7131147542  0.6834417571     9.2848949 1774584249 1774584249
-1.230790846 0.5006836559  9.007783911 -0.5951543033  0.8538550421   9.498583799 1774584249 1774584249
-1.015626538 0.5773097525  9.229424938 -0.5887521391  0.9989654747   9.754078487 1774584249 1774584249
-0.821926964 0.7220092342  9.632269267 -0.7117060288   1.097991788   10.02034976 1774584249 1774584249
-0.8007692711  0.8925195015   10.04882294 -0.9624082434   1.138295282   10.26733863 1774584249 1774584249
-0.8889606257   1.029510841    10.4303913 -1.322198777  1.118861003  10.46725506 1774584249 1774584249
-1.072878762  1.122700357  10.80894432 -1.758106582  1.042522581  10.59647238 1774584249 1774584249
-1.341604247  1.180913699  10.99679742  -2.22473953 0.9211391518  10.63518854 1774584249 1774584249
-1.818965072  1.131707717  11.13178908 -2.677589015 0.7685958392  10.58331978 1774584249 1774584249
-2.218992859  1.034826915  11.07819397 -3.071601299  0.598498343  10.45107724 1774584249 1774584249
-2.593651839 0.8065120536  10.91347876 -3.371645934 0.4259910463  10.25956916 1774584249 1774584249
-2.992824119 0.4848970592  10.60358343 -3.550693124 0.2600179046  10.04233528 1774584249 1774584249
-3.236993981 0.2284068501  10.25358139 -3.595629922  0.112142485  9.833163271 1774584249 1774584249
  -3.374111416 -0.06090935839    9.819303398    -3.510238342 -0.008900002559     9.660178527 1774584249 1774584249
 -3.369430826 -0.2254911696   9.497777638   -3.311739589 -0.09649808192    9.541631327 1774584249 1774584249
-3.285352874 -0.383243796  9.239029614  -3.029553125 -0.1464410332   9.481879998 1774584249 1774584249
  -3.14429148 -0.6445665448   8.953185654   -2.70178378 -0.1542652446   9.468659096 1774584249 1774584249
 -2.914019319 -0.7024975059   8.683280458 -2.372968581 -0.116507667  9.468806658 1774584249 1774584249
 -2.566006816 -0.5339577981   8.400656432  -2.085672062 -0.0356080792   9.449093378 1774584249 1774584249
 -2.322252093 -0.2884139295   8.217025535 -1.880381113 0.0852420898    9.3768226 1774584249 1774584249
  -2.172171632 -0.04860241101    8.095389807 -1.789794481 0.2326374967  9.230175626 1774584249 1774584249
 -2.02895677 0.3095842952  7.977464307 -1.833191888 0.3917559787  9.004226783 1774584249 1774584249
-1.917256717 0.6887034273  7.882743144 -2.006927672   0.53758707   8.71167507 1774584249 1774584249
-1.901609874  1.082217139  7.910232696 -2.293868579 0.6494718247  8.390457438 1774584249 1774584249
-2.082359863  1.217758704  8.146297673 -2.654528415 0.7069846714  8.087206662 1774584249 1774584249
-2.191813389  1.152955455  8.350862655 -3.038425464 0.6887656516   7.86300098 1774584249 1774584249
-2.279627272  1.049698416  8.679010095 -3.387448426 0.5795694481  7.770590962 1774584249 1774584249
-2.552116965 0.4412497773   9.39599057 -3.63350745 0.364700404 7.848591065 1774584249 1774584249
 -2.709423688 -0.4539445285   10.13927491 -3.730986754 0.0446446749  8.119004432 1774584249 1774584249
-2.666551737 -1.533771077  10.85181882  -3.657040908 -0.3773791482    8.57209593 1774584249 1774584249
-2.485249883 -1.914382368  10.96854594 -3.401174884 -0.887084844  9.169238378 1774584249 1774584249
-2.317147966 -2.772603757   11.1442349 -2.982588868 -1.462465138  9.845385084 1774584249 1774584249
-1.959624113 -3.581953487   11.1759846 -2.438689404 -2.056615396  10.52024869 1774584249 1774584249
-1.737342297 -4.122058071  10.88979011 -1.839228458 -2.652809775  11.10446216 1774584249 1774584249
-1.419155783 -4.221870109   10.4753716 -1.244443204 -3.180198854   11.5117984 1774584249 1774584249
-1.34770758 -4.04744542 10.16226749  -0.73051246 -3.591291198  11.69409042 1774584249 1774584249
-1.222825837 -3.537389851  9.839112466 -0.3551569917   -3.83202219   11.63121985 1774584249 1774584249
-1.143289245 -2.877542771  9.430868427 -0.1587156851   -3.87116201    11.3358431 1774584250 1774584250
-1.158422801 -1.989119688  9.088101273 -0.1599235248  -3.699789176    10.8575623 1774584250 1774584250
-1.294027733  -1.18014728  9.011565604 -0.3438808621  -3.321972175   10.27845008 1774584250 1774584250
 -1.364553429 -0.7753744588   9.093953973 -0.6750831992  -2.773485134   9.686667067 1774584250 1774584250
 -1.451240442 -0.4505619278   9.223814369 -1.101109422 -2.110991852  9.170789732 1774584250 1774584250
  -1.653096931 -0.06483875152    9.452038952 -1.559465917  -1.40419617  8.801592927 1774584250 1774584250
-1.889058282 0.1296588066  9.741816272  -1.988709171 -0.7272435374   8.622659185 1774584250 1774584250
 -1.980264581 0.03999073905   9.938674141  -2.336470542 -0.1495162086   8.646585364 1774584250 1774584250
 -1.990466817 -0.1099898914   10.01471904  -2.56619758 0.2726853901  8.852768004 1774584250 1774584250
 -2.025274828 -0.3036169674   10.07132188 -2.661649096 0.5033532962  9.193814901 1774584250 1774584250
 -1.991105101 -0.6199652835   10.08788337 -2.627071568 0.5308960439  9.604020117 1774584250 1774584250
 -1.901237787 -0.9529902213   10.03757225 -2.486305254 0.3671076377  10.01027001 1774584250 1774584250
-1.821535147 -1.112878386   9.97382311  -2.272451871 0.05242260115   10.34606963 1774584250 1774584250
-1.743906359 -1.187719094  9.918814059  -2.025081602 -0.3569864706   10.56067526 1774584250 1774584250
-1.623002317 -1.251434254  9.869738779  -1.780399957 -0.7930186891   10.62556168 1774584250 1774584250
-1.535132793 -1.199865144  9.803058813 -1.568205948 -1.188133407  10.54319033 1774584250 1774584250
-1.531528076 -1.047623209  9.740568388 -1.413527657 -1.486460018  10.33414023 1774584250 1774584250
 -1.519126496 -0.8673819078   9.688267893 -1.316263161 -1.639773004  10.03888912 1774584250 1774584250
 -1.520262042 -0.6849100195   9.630033207 -1.277504484 -1.629304671  9.707567429 1774584250 1774584250
 -1.535562886 -0.4522373259   9.567405828 -1.288259804 -1.458680623  9.391814902 1774584250 1774584250
 -1.588977698 -0.1433430824   9.440826245  -1.33795857 -1.154526754  9.132260348 1774584250 1774584250
-1.643892317 0.1303490821   9.29624723  -1.416064378 -0.7603683183   8.957715861 1774584250 1774584250
-1.686975394 0.2779111101  9.203387133  -1.511864895 -0.3349045366     8.8799524 1774584250 1774584250
-1.795939884  0.417221461  9.069137673  -1.621244779 0.06301932423   8.893517254 1774584250 1774584250
 -1.89507338 0.3603321247  9.004231091 -1.741932154 0.3787933795  8.980646447 1774584250 1774584250
-2.040288755 0.3309616985  8.960011161 -1.874034757 0.5706170776  9.111330254 1774584250 1774584250
-2.133782949 0.2485162987  9.003070855 -2.018137336 0.6149680222  9.255471685 1774584250 1774584250
-2.192392284 0.1439408945  9.073410753 -2.169895133 0.5124056558  9.386403475 1774584250 1774584250
  -2.285589842 -0.07117893132    9.226740141 -2.320949217 0.2848798299  9.485783678 1774584250 1774584250
 -2.295424593 -0.2579402218   9.373635306   -2.462012283 -0.02973169008    9.546748691 1774584250 1774584250
 -2.352616046 -0.5897368066   9.597346863  -2.581995705 -0.3822743362   9.571183738 1774584250 1774584250
 -2.401551187 -0.8192792605   9.742073663  -2.669649148 -0.7200374891   9.570544507 1774584250 1774584250
 -2.402413633 -0.9888421501   9.838879875  -2.717412776 -0.9962052865   9.560660465 1774584250 1774584250
-2.417695266 -1.156227192  9.910517864 -2.720088649 -1.175403358   9.55656665 1774584250 1774584250
-2.461300781 -1.256512387  9.887743638 -2.679386012 -1.241099678  9.569384465 1774584250 1774584250
-2.466506426 -1.295388181  9.839986905 -2.60225568 -1.19628898 9.601939663 1774584250 1774584250
-2.45574398  -1.2114891  9.75520571 -2.500806094 -1.063645686  9.649796839 1774584250 1774584250
-2.435865289 -1.099977487  9.683701186  -2.390745645 -0.8804176133   9.701675838 1774584250 1774584250
 -2.365182097 -0.8761734994   9.583356114  -2.288866203 -0.6919639909    9.74301974 1774584250 1774584250
 -2.323559248 -0.7523184191   9.527895126  -2.210480876 -0.5433208245    9.76002777 1774584250 1774584250
 -2.251498563 -0.5777929259   9.471548647  -2.166845234 -0.4703585619   9.744623049 1774584250 1774584250
 -2.225076291 -0.4415545979   9.431477928   -2.16445379 -0.4938498018   9.697114996 1774584250 1774584250
-2.190410184 -0.378304596  9.422588462  -2.201810993 -0.6138630483   9.627175089 1774584250 1774584250
 -2.147619574 -0.2938467805   9.421491989  -2.272779758 -0.8109185587   9.552361141 1774584250 1774584250
 -2.155876319 -0.2964222705   9.412801296 -2.366237981 -1.048607339  9.493403851 1774584250 1774584250
 -2.166493276 -0.3417108436   9.393776656 -2.467617907 -1.279812589  9.469629553 1774584250 1774584250
 -2.159745388 -0.3878644398   9.364820687 -2.564748207 -1.456416023  9.492826789 1774584250 1774584250
 -2.173544489 -0.4236565423   9.329166903 -2.64583909  -1.5370818 9.563310498 1774584250 1774584250
 -2.251463904 -0.5279520418   9.252362542 -2.703154468 -1.495277645  9.668646079 1774584250 1774584250
 -2.317003514 -0.6153202291    9.18880851 -2.733085364 -1.323395203  9.785876816 1774584250 1774584250
 -2.341979169 -0.6470524666   9.169499129 -2.735423187 -1.034742625  9.885008037 1774584251 1774584251
