  0.178605800600656 -0.0762233784099378  -0.507956845378574 0.543810805511787 1774584237.99813
  0.166643672661228 -0.0962436080127287  -0.506249671862754 0.541591798296906 1774584238.01897
  0.274717178433078 -0.0318261256755699  -0.524348578422576 0.592810140007343 1774584238.03803
   0.20421591415124 -0.0215208929050451  -0.629898047328404 0.662524594601735 1774584238.06
  0.294261601528239 -0.0211322663306589  -0.662270926362544 0.72500982249852 1774584238.0798
     0.315922473755 -0.0372509720359366  -0.674034533453423 0.745330260105461 1774584238.09785
  0.481991226230445 -0.0782646717076373  -0.651018566455762 0.813797318053302 1774584238.11832
 0.502553236941611    -0.049397318501 -0.688918186220957 0.854171012351481 1774584238.13705
   0.23215012401736 -0.0543723555576351  -0.942432478462312 0.972126025570131 1774584238.16079
 0.733312684081014 -0.134663820674177  -1.02803256269626 1.26993416648128 1774584238.1819
0.700994658650529 -0.17986294429746  -1.0620848344213 1.28521141673097 1774584238.19821
  0.45511070567476 -0.246709372370989  -1.25813544931885 1.36047641569717 1774584238.21767
 0.276358896360382 -0.196164287344258  -1.36253705972392 1.40405195998863 1774584238.23628
-0.264478456067369  -0.03279525994687  -1.64933453840619 1.67072702808637 1774584238.26041
 0.116441704099734 0.0812116921989313  -1.71039257643913 1.71627409668198 1774584238.28082
0.374273995181667 0.143870557096019 -1.66095980455402 1.70867411550959 1774584238.29813
 0.559046375787579 0.0581903045999462  -1.69770073946024 1.78832512776466 1774584238.31684
 0.574058841644747 0.0570423519144688  -1.79018782476513 1.88084285136206 1774584238.33815
  0.214384513374685 -0.0213161637417292   -1.91645648616449 1.92852808166578 1774584238.36027
  0.381294776676751 0.00212649835327786   -1.94356735776612 1.98061715202363 1774584238.38208
  0.485772701406597 -0.0251928592621644   -1.75055245721992 1.81687745956307 1774584238.39805
  0.440098422984629 -0.0696430507724135   -1.71892696363984 1.7757383486208 1774584238.41509
  0.362812433482097 -0.0649296916741492   -1.78305304948763 1.82074899534154 1774584238.43597
-0.0149608201551827  -0.249362676069865   -1.74081743399085 1.75865030885703 1774584238.45787
 -0.398942145169091 0.00914138305005002   -1.41889638192684 1.47394210969131 1774584238.48027
-0.564355319237675  0.101710873234648  -1.02280539070174 1.17259238243072 1774584238.49804
-0.603932271504494  0.185492667867913 -0.632629321787261 0.894070230564884 1774584238.51582
 -0.68634480132326  0.279834729030886 -0.122570083504973 0.751265656905512 1774584238.53588
  -0.71076255132506   0.241374146454614 0.00240945397309186 0.750633524705133 1774584238.55862
  -0.381432700282075    0.394532462900093 0.000307806015994816 0.548768497520614 1774584238.57997
 -0.147403045118464    0.35601248520541 -0.0440987196049026 0.387836620760753 1774584238.59813
-0.0970276438132224   0.241970925964027 -0.0665510538673429 0.269060096347802 1774584238.61585
-0.145507731968159  0.158267049077025 0.0941865615930968 0.234716993996594 1774584238.63543
-0.299253019268537 -0.128769600947227  0.326232702632191 0.461044201716221 1774584238.65803
-0.413087400168613 -0.115207716962417  0.729834648915698 0.846506132868308 1774584238.67782
-0.327558749731895 -0.132462706560816   0.98504358096411 1.04649508338737 1774584238.69808
-0.244885291309953 -0.116332212736674   1.17213584778586 1.2030812255558 1774584238.71574
 -0.274500242309802 -0.0598230264607081    1.53486884681021 1.56036904430701 1774584238.73679
-0.326389042080576 -0.135621304946918   1.53236627826998 1.57259955358152 1774584238.75843
 -0.229834564296767 -0.0287764537183958    1.43658022921346 1.45513393411091 1774584238.77851
-0.107707205692741 0.0660769019788242   1.34900560972435 1.35491074768821 1774584238.79821
-0.120252914023923 0.0159540708957475   1.25824432435003 1.26407835020954 1774584238.818
 -0.202924108843762 -0.0516597245747902    1.23853141384625 1.25610787123446 1774584238.83646
-0.276785806425456 -0.156509098052287   1.37441321164719 1.41071512246877 1774584238.85986
-0.139307206470219 -0.108665824144621   1.36138600055063 1.37280246270423 1774584238.87859
0.0182787629371699 -0.109302230737755   1.38920892754361 1.39362209195521 1774584238.89812
-0.0580090581736947  -0.145467974380068    1.37616431909287 1.38504664742556 1774584238.91776
-0.16727038152415 -0.12100939006282  1.43998113990941 1.45470558406621 1774584238.93631
-0.23315231659224 -0.15961110393747  1.56286466680582 1.58820076627061 1774584238.95982
 -0.305773224982188 -0.0717408476038424    1.51000705911545 1.54232465224071 1774584238.97814
   -0.36338481771015 -0.00317076077595553      1.5196448988964 1.56249134340257 1774584238.99762
  -0.42810922885757 -0.0241218359201133    1.57627273761865 1.63355291256848 1774584239.01779
 -0.507424609276206 -0.0187937835336524    1.68829614330212 1.76300221437395 1774584239.03627
 -0.561030078458662 -0.0335972611964671    1.81471976617573 1.8997608677526 1774584239.0581
  -0.54829104417781 -0.0191914238004557    1.81904766411471 1.89998046942442 1774584239.07629
 -0.413658923512322 -0.0853493975395844    1.97244097146978 2.0171568135855 1774584239.09822
-0.348638801723114 -0.116269127663419   1.96068302192339 1.99482967608093 1774584239.11616
 -0.33748591421896 -0.156422379432073   2.11582591181175 2.14827465473515 1774584239.13575
-0.364576260890242 -0.110902200297014   2.18536942317615 2.21834502812089 1774584239.15712
 -0.35387774013076 -0.109689345208594   2.13881854041073 2.17066947189503 1774584239.17714
-0.264578598407901 -0.133543189516004   2.14661822216015 2.166980712861 1774584239.19812
 -0.26136950584189 -0.169518723586584   2.08236487828237 2.10553891023994 1774584239.2161
-0.320382730709177 -0.125558536516844   2.12539107012809 2.15306693839489 1774584239.23595
 -0.326510824604256 -0.0918375212086048    2.14719438014984 2.17381856534361 1774584239.25619
-0.317269630228717 -0.018182834054522   2.17678191942866 2.19985684954073 1774584239.27637
-0.285117906544429 0.0313341744551949   2.25719384958351 2.27534571564821 1774584239.29806
 -0.328423583229196 0.00589794711199696     2.1982195604476 2.22262594057923 1774584239.31598
-0.408878508745369 0.0553609337979424   2.31526197814929 2.35174073727709 1774584239.33798
-0.353360489216121 0.0943864599950496   2.26929132298774 2.29857685269753 1774584239.35813
 -0.33920910526906 0.0641510118267782   2.14758013543162 2.17515024941182 1774584239.37626
 -0.353190101872278 0.00846847268336341    2.23461048266442 2.26236579100813 1774584239.39805
 -0.416914709733245 -0.0259189276506765    2.14334062038678 2.18366633921085 1774584239.41588
-0.644234332544415 0.0441305349631874   2.25222454982393 2.34296837413028 1774584239.43784
-0.594438712423038 0.0636407418002321   2.10139564387454 2.1847817234083 1774584239.45481
-0.611448985253922 0.0625969034242022    2.0803719062746 2.16927073052281 1774584239.47578
-0.91836268099107 0.164121238456885  2.01892450301333 2.22404629979175 1774584239.49811
-1.11628250458375 0.244847724252686  1.83100592435036 2.15838359267244 1774584239.51791
-1.43294455405551 0.435682855409398   1.7880122336436 2.3324102111666 1774584239.54051
-1.14625884772918 0.453669825884286  1.62688864130831 2.0411987429286 1774584239.5581
-0.794246996858778   0.29779400850014    1.6138982033263 1.82323256174785 1774584239.57608
-0.0970249055309772  0.0330979270006315    1.76174189057144 1.76472201608618 1774584239.59809
0.408835839872787 -0.19522072581748  1.81256408417431 1.86832717557494 1774584239.61889
 0.550100313769857 -0.246143751275341   1.46010960185063 1.57959398293296 1774584239.64216
 0.540871717839094 -0.290970894798341   1.03637070614417 1.20468689597411 1774584239.65866
 0.493399067044172 -0.341742092938455  0.776995348775925 0.981810607737275 1774584239.67613
  0.30143958953988 -0.337746627066097  0.544344965191526 0.707990149201146 1774584239.69773
0.0424745663022241  -0.35127555458724  0.362559832347385 0.506604615123963 1774584239.71804
 -0.269423560588886  -0.211739084843095 0.00733809607014013 0.342748220570901 1774584239.74043
-0.295120157686517 -0.180775220100461 -0.193157443144208 0.39633998728023 1774584239.75685
-0.247853485153866 -0.157113923755705 -0.173907348162879 0.34111567083011 1774584239.77598
-0.0732874336078439   -0.15035913332694  -0.117237628158153 0.204263502260688 1774584239.79634
 0.0327367934583429  -0.158582408061253 0.00831553922119759 0.162139526288254 1774584239.81661
-0.0217087422924537  -0.037364973331968    0.15573787182674 0.161622075983267 1774584239.83896
-0.0289542264485526  0.0202423300370019   0.210581563487317 0.213524457698232 1774584239.85603
0.0117413177327306 0.0644661136677268  0.207944835419793 0.218024753024252 1774584239.87583
0.0199837173267519  0.142345774302412  0.136341499061156 0.198117825513486 1774584239.89603
0.0408484418137203   0.14700214164593  0.115812771582047 0.191548487095603 1774584239.91643
-0.0527939530684334    0.13058644910865 0.00173317178827884 0.140865276260141 1774584239.93881
-0.0522337102844809   0.110615486932272   -0.19400753028469 0.229353587821319 1774584239.95613
0.0533123412268425 0.0818112830004014 -0.402882447590248 0.414547413849813 1774584239.976
 0.159829467921609 -0.196994675055457 -0.822388355404311 0.860624754420251 1774584239.99797
0.183983852392384 -0.25518687934689 -1.00552676545138 1.05359122878423 1774584240.01618
 0.207987231847449 -0.289338341740487  -1.34681336420992 1.3931552686715 1774584240.03863
 0.242619004640386 -0.282453750694157  -1.52526415518018 1.57005568237926 1774584240.05621
 0.275819005514185 -0.237578805780573  -1.63809338451234 1.67805534746087 1774584240.07637
  0.183423267482257 -0.0237975537961808   -1.77113097688656 1.78076257707413 1774584240.09678
 0.213546210023246 0.0411913247941109  -1.74904957877221 1.76251897523313 1774584240.11629
0.268545050887375 0.110407748709807 -1.78386565233191 1.80734141237919 1774584240.13841
0.282660022468913 0.143652858059515 -1.73283140243525 1.76160083480807 1774584240.15621
0.347007636579833 0.141172446847231 -1.83933207931365 1.87709521803925 1774584240.17673
 0.536311276929186 0.0553545447411629  -1.92774506864126 2.0017229980833 1774584240.19801
  0.60102188241359 0.0331177933803351  -1.90030191265825 1.99335682972993 1774584240.21611
  0.647152498226901 -0.0131640109051958   -2.02656756211675 2.12742937155813 1774584240.23792
 0.647437640712655 0.0222279364262842  -2.02095565067625 2.12224676269505 1774584240.25559
 0.752904755278999 0.0223583673948375  -2.21261925615203 2.33731671790733 1774584240.27816
   0.83077027821681 -0.0854705084173552   -2.25543205366978 2.40509006311586 1774584240.29817
  0.791268119071615 -0.0611535574387534   -2.28343461247307 2.41741982768541 1774584240.31826
0.465523580250214 0.117724542754234 -2.36953577918557 2.41769954307317 1774584240.33827
0.382271949951013 0.180891006708762 -2.26982613011243 2.30888805726233 1774584240.35623
0.370436691922529 0.228227961998862 -2.44067867847746 2.47915787253154 1774584240.37876
0.383048096249766 0.295260651803252 -2.34773960919427 2.39703691442654 1774584240.39801
0.481611990845181 0.356313934740317 -2.34326888942507 2.41863986942319 1774584240.41861
0.554163989501589 0.408874191061625 -2.35269401147751 2.45141692557972 1774584240.43983
0.543908910846003 0.475191136885626 -2.32832180725303 2.43777069430296 1774584240.45856
0.597985280147028 0.494390600321305 -2.57951344249402 2.69367742333152 1774584240.48086
 0.69059853801461 0.411161886419692 -2.44068319517181 2.5696137641183 1774584240.49812
0.746206074040599  0.20857361543156 -2.49533770667564 2.61285987537535 1774584240.51965
 0.527793862277639 -0.147041299137675  -2.53967919572574 2.59810660326173 1774584240.54035
 0.364662391484466 -0.425082830405243  -2.33960583378069 2.40570769835596 1774584240.55805
 0.344820919389359 -0.525616091436013  -2.46472631451688 2.54362920794226 1774584240.58056
 0.533151450212137 -0.292793355622546  -2.21322259619751 2.29528487954748 1774584240.59818
0.624010856698258  -0.2279806033394 -2.30257538902154 2.39650122614281 1774584240.61846
 0.639135409241771 -0.253254169923414  -2.35713784772301 2.45534734387998 1774584240.63714
 0.614223116115336 -0.229943402784904  -2.45952461648549 2.54546760811306 1774584240.65705
 0.526139876992297 -0.275158268478228  -2.67404425837196 2.73916920590997 1774584240.67994
 0.642796324904988 -0.162931129558517  -2.51003748075891 2.59615520011903 1774584240.69807
  0.931907918246821 -0.0133451976323635   -2.55801884583173 2.72251554229196 1774584240.71811
 0.922070942060111 0.0396291876105388  -2.55465518460072 2.71625632201926 1774584240.73602
  0.772244422533081 -0.0525476269352834   -2.69846525309266 2.80728292542423 1774584240.75711
  0.51564882449813 -0.215259338967413  -2.81298160920142 2.86794278655004 1774584240.7786
 0.278424153737352 -0.168292377189281    -2.653963857403 2.67382992914767 1774584240.798
   0.357901204070877 -0.00821499861112097    -2.55476400317619 2.57972476632729 1774584240.81784
 0.499992829399841 0.0492461939586351  -2.37777913157765 2.43027809430049 1774584240.83441
0.640354405130572 0.106627540382626 -2.37726114842406 2.46430391071082 1774584240.85572
 0.620579038741612 0.0936814193635671  -2.44027545190202 2.51969022556644 1774584240.87691
0.697087440322274 0.258690274094366 -2.52441532728087 2.63163909037251 1774584240.89812
0.662817761462662 0.353200484976539 -2.46284398275697 2.57481619749842 1774584240.91799
0.410697064550043 0.218358546779959 -2.31451748649708 2.36079302970054 1774584240.93377
 0.267446953781124 -0.105357796896904  -2.40217810287647 2.41931555949053 1774584240.95537
0.0450658911761934 -0.563328948289207  -2.44111437567554 2.5056755244161 1774584240.97803
 0.142449550027073 -0.455855043521201  -2.22807410687565 2.27868600749123 1774584240.99791
  0.522618363122476 -0.0430686009298923   -2.05229211182317 2.11822750669291 1774584241.01679
0.677247145505658 0.162989562379338 -1.93264833124221 2.054351203128 1774584241.03049
 0.897870744382964 0.0403876233926501    -2.122130024334 2.30461252142783 1774584241.05211
 0.773937160712746 -0.188328984057167  -2.24862682231311 2.38553329907466 1774584241.07435
 0.690687541629773 -0.319352268974481   -2.3124706086091 2.43445177967087 1774584241.09679
 0.512290627789999 -0.181845473378957  -1.96656701569926 2.0403174485227 1774584241.11646
  0.411619590673921 0.00694355680231326   -1.78656428646573 1.83338235239746 1774584241.1319
 0.291422653453171 0.0870211906537564  -1.22389097066943 1.26111417352064 1774584241.15208
  0.11580900977547 0.0407472766589379 -0.867181576725242 0.875828724301716 1774584241.17414
-0.0425450692868992  0.0734019479660245  -0.463880729401693 0.471575296210564 1774584241.19812
 -0.11596684996108 0.0815009927325563 0.0365804502581573 0.146385967385461 1774584241.21776
 0.0113267615674285 -0.0103081065329282   0.120530435139791 0.121499540669448 1774584241.23221
 0.0451138600731573 -0.0658126969530683   0.324869875805164 0.334525047876238 1774584241.25078
0.0140379722440818 -0.126396637376463  0.366501440258563 0.387938758461182 1774584241.27501
-0.0275752894945356 -0.0133561776349851   0.389093263314622 0.390297773025349 1774584241.29791
-0.206308944806341  0.204834163906938  0.498157819034039 0.57678559974683 1774584241.31717
-0.226529630657181  0.214673937672768  0.538481835070756 0.622385137822859 1774584241.33229
-0.291729526851047  0.145973826577408  0.794479648947871 0.85884363389078 1774584241.35056
-0.322597124123755 0.0248655156045322  0.972078209618732 1.02451122198576 1774584241.37306
 -0.326452924066224 -0.0234643657547315    1.16631443855305 1.21136759807623 1774584241.3981
-0.346687717082148 0.0593086073508272   1.25085470664254 1.29936422192213 1774584241.41842
-0.26718249947697 0.101300425303211  1.21906738181621 1.25210764137977 1774584241.43279
-0.397073721748044  0.164056112756152   1.41657650777479 1.48029421096447 1774584241.45419
-0.441982417190032 0.0881169113199844   1.53582052300391 1.60058043410686 1774584241.4761
-0.482834088055725 0.0566052527128928   1.60384684338828 1.67590501170855 1774584241.4981
-0.516699361581148  0.138453812264882   1.68418738355013 1.76709785560916 1774584241.52009
-0.39457653981732 0.158314921943095  1.58851506828103 1.64442524379794 1774584241.53462
-0.390098095976108 0.0613845000942594   1.71183607633115 1.7567946190619 1774584241.55591
-0.401087526315105 -0.173087697032308   1.69966602530184 1.75490602375024 1774584241.57622
-0.344414898984463 -0.425727930661359   1.75843812937486 1.84173031370693 1774584241.59804
-0.184915643664843  -0.41855349682893   1.77521504706221 1.83324010655882 1774584241.61882
-0.120420729605909 -0.359884458727478   1.71213507652748 1.75368882531313 1774584241.63412
-0.287703705212237 -0.269705487150767   1.83321618311846 1.87515227270734 1774584241.65327
-0.401071894205929  -0.29705181724474   1.95456271540348 2.0172788242818 1774584241.67426
-0.473513646533928 -0.299247058268793   2.09653383864189 2.17007329643652 1774584241.69764
 -0.351033905302068 -0.0882335140678548    2.15552424507571 2.18570234176239 1774584241.71874
-0.249597195627118 0.0671261628164235   2.08625985234108 2.10220951698198 1774584241.73588
-0.330444969131258 0.0281904313473762   2.19262809720573 2.21756771051072 1774584241.75681
-0.439436804103003  -0.03421154379548   2.13776402155429 2.18272997559962 1774584241.77572
 -0.504055492329889 -0.0793234165847604    2.25983788869973 2.31672860451316 1774584241.79823
  -0.479532552630584 -0.00102407924085055     2.28912845155999 2.33881627870001 1774584241.81856
 -0.41305153042472 0.0686520110986918   2.31478506800321 2.35235086168384 1774584241.83805
   -0.529482338240815 -0.000530359038975824      2.46419673542047 2.52043991768234 1774584241.85842
-0.659636526540098 -0.111043596940242   2.44240859912587 2.53235281756932 1774584241.87642
-0.662386750527359 -0.170652624516853   2.54973823514639 2.63989461783915 1774584241.8981
  -0.17447933907773 -0.0316896223888531    2.58991042145945 2.59597443421856 1774584241.91784
-0.129055964588749  0.134858755868639   2.53019990099219 2.53707584928225 1774584241.93797
-0.433992618204666  0.314210007690315   2.39558973284751 2.45477650504345 1774584241.95804
-0.504391434827108  0.381846103382018   2.26284442474835 2.34961317173906 1774584241.97585
-0.598723249562583   0.43810607323134   2.37792197933463 2.49096756317132 1774584241.99785
-0.587681299794812  0.499179010287589   2.37907719557041 2.50091129329359 1774584242.01619
-0.539594467500407  0.533998711708289   2.42970066800238 2.54553769360313 1774584242.03766
-0.624795498883608  0.386851949907958   2.47054681792974 2.5775231184522 1774584242.05703
-0.751355969619865  0.325029704679464   2.43918333062093 2.57289631007285 1774584242.07407
-0.910449736895457  0.256934934826104   2.64115771900423 2.80546758683873 1774584242.09811
 -0.747876115682365 -0.0135787839101017    2.44887821762658 2.56056782619531 1774584242.1157
-0.725246747933488 -0.176416923228857   2.48113848153289 2.59097548053489 1774584242.13701
-0.976421563936364 -0.293516111766865   2.42756292326547 2.63298547751404 1774584242.15993
-0.939918131293194 -0.278806209874427   2.16370936860537 2.375461476848 1774584242.1765
-0.987943440487237 -0.205827697522434   2.26970367302168 2.4839388168788 1774584242.1982
-0.845638856580356 -0.195299249991516   2.18719234665072 2.35309524542745 1774584242.21463
-0.898131142320076 -0.223081917304288   2.26699351040274 2.44860463669443 1774584242.23757
 -0.96050102419806 -0.209930856570852   2.39293094162824 2.58703530579463 1774584242.25987
-0.901403999520805  -0.17947810313311   2.25703715894124 2.4369978039994 1774584242.27699
-0.851261877192843 -0.133301077434032   2.26761430052784 2.42579689520069 1774584242.29822
-0.411597715816951  -0.17006249406639   2.17360538411359 2.21875963037941 1774584242.31789
-0.0591322820822413  -0.101590555216034    2.04091673627269 2.04429899772302 1774584242.33699
   0.274999964726152 0.000852977357267845     1.71471266041163 1.73662466179243 1774584242.35978
 0.354054542551295 -0.047000477857935  0.792945669198128 0.869670338875685 1774584242.37692
  0.392826178106734 -0.0473828316514662   0.420489527131103 0.577381140468056 1774584242.39804
-0.0744273080041902 -0.0636664759555767 -0.0285302186211429 0.102013811378278 1774584242.41804
 -0.147613118740984  -0.116797550739202 -0.0918752633185106 0.209457309953513 1774584242.43968
-0.126096316976253 -0.114656400637175 -0.130165214018309 0.214451286548904 1774584242.46073
-0.0635936079134512 -0.0780050722829757  -0.182182369746398 0.20813302024363 1774584242.47864
0.00243416660051047 -0.0135893975665639   -0.22483447229443 0.225257933989407 1774584242.4982
  0.144173033478933 -0.0331889170544911  -0.270529944363984 0.308340426469427 1774584242.51619
  0.201766248831991 -0.0563040999839215  -0.316572610896936 0.379602408860686 1774584242.53834
0.0514415285614938 0.0103393129915402 -0.413200472624428 0.416518622429935 1774584242.55827
0.0329331168855429 0.0279562155380552 -0.645250602668441 0.646695044374853 1774584242.57638
 0.112555850745285 0.0935063957630771  -0.83776738648517 0.850450738987149 1774584242.59807
 0.081103594992915 0.0709769150511459  -1.01334192435818 1.01905709911314 1774584242.61567
0.0830566902402178 0.0623879391387303  -1.08717065091452 1.09212210533142 1774584242.638
  0.248957622324909 -0.0522207092091333    -1.1227668296603 1.15122206978907 1774584242.65725
  0.413291694873293 -0.0951482553979382   -1.37103563230884 1.43513132521627 1774584242.67637
  0.465853986161035 -0.0173597397954849   -1.56616559631267 1.63407342921342 1774584242.69824
  0.41582797903489 0.0188888358011208  -1.61462474286793 1.66741799095112 1774584242.71578
 0.376980030057305 0.0541072584157142   -1.7001135371272 1.74224785194255 1774584242.73816
0.354932493110119 0.113023605583476 -1.73150641675407 1.77111995114531 1774584242.76053
0.356325493633609 0.216686410004172 -1.58986997147602 1.64365671108504 1774584242.77624
0.384548649710568 0.319457883726862 -1.80993247212469 1.87770779332697 1774584242.79815
0.397345878352925 0.389521711990749 -1.81738877034638 1.90066116226365 1774584242.81462
0.456583765341553 0.445747548435513 -1.91835010280292 2.02168907813089 1774584242.8376
0.572462971772899 0.388738423374958 -1.96762181645018 2.08575334793686 1774584242.8601
0.612815561166334 0.308394122290168 -1.97951359285018 2.09502360629883 1774584242.87629
0.614060092174911  0.26951318772709 -2.20830573381042 2.30788244266051 1774584242.89798
0.498522653386573 0.193859238085721 -2.18829760815065 2.2527211682693 1774584242.91456
 0.377117331100531 -0.131864081278249  -2.24126465827842 2.27659238463886 1774584242.93386
 0.226703200063932 -0.390035447759399  -2.29302741285806 2.33698453301399 1774584242.95609
 0.322566586635069 -0.348747880706469  -2.19779016999259 2.2485452893875 1774584242.97583
 0.331603605398761 -0.263675273250631   -2.2401985445253 2.27990682259836 1774584242.99685
 0.556059427352104 0.0239501979865668  -2.07226713877533 2.14570892554858 1774584243.01575
0.748514651776395 0.153279308265808 -2.08455060764339 2.22016214860374 1774584243.03604
 0.670256270853595 0.0114441802760964  -2.12578872467816 2.22898006717188 1774584243.05507
 0.591197519112021 -0.144953834790347  -2.38385874697054 2.4603472613297 1774584243.07598
 0.529477622036882 -0.215464452873731   -2.5007901624071 2.56529197540595 1774584243.09812
 0.414015774952424 -0.176426697726308  -2.42565540190646 2.46705078390738 1774584243.11588
0.444382153056349 -0.05110547589899 -2.48180458711372 2.52179326595988 1774584243.13624
 0.448087316648552 0.0696204983385671  -2.51750698951904 2.55802085593676 1774584243.15485
 0.474116969868283 0.0425924099135481  -2.62639191311108 2.66918255197253 1774584243.1764
  0.507939780756759 -0.0331462126970179   -2.65539689944317 2.7037444749576 1774584243.19803
  0.44204485246414 -0.168536976791702  -2.58310476156057 2.62606903438067 1774584243.21601
 0.454525449834112 -0.146723362362758  -2.71689176048414 2.75855432569245 1774584243.23768
 0.458574514031578 0.0676129593066586  -2.65507910756492 2.69523786790947 1774584243.25505
0.518924084247088 0.239220118590495 -2.48929305782291 2.55403375037909 1774584243.27684
0.586995873687657 0.314909047046903 -2.47561026784669 2.56366496678218 1774584243.29813
0.708367819548799 0.393708557665559 -2.39931994983281 2.53249434704545 1774584243.31664
 1.00909977792715 0.559884431113387 -2.46744322432429 2.7239730180895 1774584243.33797
0.984840839843757 0.449056841197313 -2.43782283445417 2.66731019917752 1774584243.35466
 1.06470032101738 0.226614186123188 -2.61340094273761 2.83104313821401 1774584243.37789
 0.909229554830921 -0.202052741856708  -2.51144751174222 2.67859894312419 1774584243.39815
 0.793180188977693 -0.681376956166221   -2.5391572424138 2.74603875979263 1774584243.41996
0.693760526251684 -0.45328936449755 -2.34794091557374 2.48989988930817 1774584243.44035
 0.637068275274397 -0.203903986445888  -2.19008669420099 2.28995907194121 1774584243.45407
 0.682891819045184 -0.118970929087272  -2.16849318769831 2.27658912050038 1774584243.47517
 0.606615267312205 -0.169808165058525  -2.37046378405844 2.45273631827586 1774584243.49801
 0.526699425856132 -0.206228063059219  -2.58322788157835 2.6444297281936 1774584243.52256
  0.323697662582377 -0.0878098348973452   -2.36698703598441 2.39063137526141 1774584243.54083
   0.31754663810916 -0.0349455672294555   -2.31438072122742 2.33632514493008 1774584243.55503
   0.443106913670201 -0.00751610452113419    -2.45773245583729 2.49736842561234 1774584243.57538
  0.558007841035206 -0.0123324413351393   -2.64114408714345 2.69947530620654 1774584243.59805
 0.634005273399924 0.0938008111553385  -2.87401614918328 2.94461034852467 1774584243.62381
0.486754211269229 0.259842575096653 -2.36687361059648 2.43033711952873 1774584243.6421
0.439856710819438 0.198703154537726 -2.11744462428355 2.17175703212478 1774584243.65623
 0.455287286432019 0.0627893931037553  -1.30240057240217 1.3811141415779 1774584243.67437
 0.484268063555808 -0.076302959351866 -0.887157195279167 1.01360030984681 1774584243.69823
 0.468983104513868   0.13053642629096 -0.519029919135496 0.711601691865668 1774584243.72393
 0.259340910673393   0.36081955034966 -0.166301294042548 0.474451869280396 1774584243.74212
 0.050607688463574  0.378713952950081 -0.154035727182606 0.411961650568807 1774584243.7567
 -0.114730541461696   0.373559240409737 -0.0724628476542624 0.397442407814967 1774584243.77411
-0.273814342863557  0.241552623597508 -0.097641375753933 0.377962699990041 1774584243.79818
-0.301380064263871  0.109689517992358 -0.152489065937951 0.355126243361033 1774584243.82388
 -0.289401908746957 -0.0196619401490465  -0.118537722016285 0.313354827978789 1774584243.84267
 -0.218008085914192  -0.114516283462878 -0.0949289756972557 0.263918576703214 1774584243.85774
 -0.252336602037121  -0.133912542615284 -0.0350363687007641 0.287808750612393 1774584243.87409
  -0.291875022717778   -0.188465672717884 0.000589382900262694 0.347434434176739 1774584243.89809
-0.244041670357117 -0.181082481953912 0.0538848455913079 0.308627248838595 1774584243.92253
-0.00921489052617949  -0.0347994582038496     0.11971436137033 0.125009778885482 1774584243.94252
0.0575757891353914  0.127883763707496 0.0993111444373621 0.171848572656326 1774584243.95723
0.0148940537250095  0.101855327110994 0.0560175123003728 0.117193439157546 1774584243.97382
 -0.025707697209463 -0.0344330258956398  0.0105124284768496 0.0442383331582928 1774584243.99806
-0.0547040027938676  -0.108200164989415 -0.0560454060240671 0.133569798838699 1774584244.02194
-0.0572244156157864 -0.0448868704280376 -0.0546897747008642 0.0909969028935764 1774584244.04251
 0.0202850104312993  0.0484182355313554 -0.0296590584586369 0.0602948333509644 1774584244.05781
-0.00382539909286777   0.0341826896997895  0.00340534393817817 0.0345642347039407 1774584244.0737
-0.0109274350146696 -0.0795137732338111  0.0255790981200575 0.0842385851644796 1774584244.09819
-0.0313077615156362 -0.0949591771040447  0.0206505997048155 0.102097348229843 1774584244.12213
 0.0135866662672363 -0.0410252139651338  0.0929926169831417 0.102544100242362 1774584244.14312
0.0653811263055966  0.029235330176113 0.0813883093856564 0.108413343791943 1774584244.158
0.0151477744823773 0.0346809364097672  0.110560574508274 0.116858303331971 1774584244.17387
-0.0422857501526179 -0.0497331177272388    0.28151430530976 0.28898403374387 1774584244.19803
-0.116613762780567 -0.103578296181892  0.513799582740321 0.536951808204344 1774584244.22059
  -0.27012490455051 -0.0486803697795941   0.871164290754676 0.913380788032241 1774584244.24266
-0.209546611340573 0.0345794931974433   0.91307047429587 0.937445046232042 1774584244.25709
-0.239953204646966   0.02211035418732   1.01626588254719 1.04444375253627 1774584244.2725
 -0.276729400311754 -0.0844765503473501    1.33868245111098 1.3695934263379 1774584244.2981
-0.329344599825142 -0.175297626492482   1.28576660691508 1.33880278261804 1774584244.31962
-0.451259679557802 -0.105593698607449   1.36050317404883 1.43727318703758 1774584244.34268
-0.371544442228702 0.0110003119832984   1.25814594673707 1.31190605711906 1774584244.3578
 -0.454803851766246 0.00191332488195531     1.3243166707152 1.40023742584167 1774584244.37398
 -0.567364096574314 -0.0691693422585045    1.70601483790382 1.79921456284071 1774584244.39816
-0.574445916946441 -0.143355971682447   1.74919047765745 1.84667440910436 1774584244.4185
-0.603005085918868  -0.14175031873546   2.02386937771738 2.11654330089601 1774584244.4423
 -0.461424102239809 -0.0911077302603471    1.89043741528123 1.94806736067729 1774584244.45801
-0.419414225604063 -0.098273474842194   1.81935180006184 1.86965423030165 1774584244.47426
-0.486450998780237 -0.154105586986885   2.15558893663115 2.21516292174673 1774584244.49823
-0.421316854893344 -0.166878423008117   2.14172172801807 2.18913870290295 1774584244.52012
 -0.265449240965355 -0.0330233832933345    2.19495469869198 2.21119424128303 1774584244.5421
-0.0116636528209746   0.113654028297048    2.01481237315085 2.01804910196631 1774584244.55825
-0.0641472990119717   0.154675327832732    1.91142905188329 1.91874968492353 1774584244.57431
-0.248216999432752  0.180966631337698   2.28008237394313 2.30068168863736 1774584244.59804
-0.318908844862524  0.149283715422525   2.27683433748517 2.30390170783682 1774584244.6181
-0.472711099956264  0.237997069222748   2.41887353656469 2.47609522734354 1774584244.63894
-0.515670996235983  0.290316492972152   2.44706014393414 2.51759877472199 1774584244.65785
-0.525384419871017  0.239702243979625   2.48143145407012 2.54774174822736 1774584244.6778
 -0.60791071006201 0.0556208479252912   2.61234296175873 2.68271967599718 1774584244.69819
 -0.604874960209904 -0.0629004817247811    2.58577099560912 2.65632110819146 1774584244.71806
-0.640845800410041 -0.164922544303317   2.62048390306472 2.70274280532647 1774584244.73803
-0.570956150180419 -0.199681028205354   2.52896765020525 2.60029629354784 1774584244.75701
-0.624570770973566 -0.125191321087448   2.45646378146004 2.53771074483581 1774584244.7777
 -0.674102782059263 -0.0824105882485998    2.38111584320018 2.47606920835715 1774584244.79809
-0.811867908485763 -0.238645673985977   2.29288030052822 2.44405018996985 1774584244.81884
 -0.82963490298814 -0.238847617222115   2.31420196567535 2.46999453328231 1774584244.83818
-0.645534938630849 -0.153848760552078   2.39758673050042 2.48773128138637 1774584244.85894
 -0.381975724954185 -0.0903836506984493     2.4826261614953 2.51346520097429 1774584244.87786
 -0.212633255934513 -0.0449488106271153    2.70718796618058 2.71589763822922 1774584244.89808
 -0.204293009924699 0.00739768802161405    2.65798771673206 2.66583740351708 1774584244.91822
 -0.286226086105018 -0.0464958615601961    2.57954764466925 2.59579530946257 1774584244.93688
-0.252923133211356 -0.181251704251947   2.63056714430134 2.64890652766106 1774584244.95805
-0.109292895844703 -0.252174174313379   2.67543343044655 2.68951311430596 1774584244.97689
0.0467930267413412 -0.155112047150818      2.83536194575 2.83998709467669 1774584244.99795
-0.00917781223667917  -0.0927194176604737     2.72617295547249 2.72776467199763 1774584245.0181
-0.292670675052208  0.124018570510306   2.53469507994501 2.55454807709003 1774584245.03673
-0.502966578883353  0.407528728791421   2.52145812846998 2.60322994333795 1774584245.05805
-0.607428846349984  0.462686227618033   2.51038979070803 2.62394840839079 1774584245.08009
-0.721070525098667    0.5169056955099   2.54540354332401 2.69559147471999 1774584245.09821
-0.795102721459212  0.537537937972588   2.67362297493066 2.84066808770555 1774584245.12003
-0.756359464521897  0.478945360372689   2.50049190601943 2.65592320481279 1774584245.13646
-0.765849543308856  0.439998418743611   2.57375746025634 2.72109382339316 1774584245.157
-0.755675747019094  0.264017835415799   2.66143703302102 2.77920822048048 1774584245.17974
 -0.732757362650142 -0.0125286947329147    2.64478976443784 2.74444952928358 1774584245.1981
 -0.731669251276125 -0.0475681569149997    2.58055528624177 2.68269793457362 1774584245.21617
-0.731461461170016 -0.100597031586507   2.53336003764905 2.63876272375865 1774584245.23443
-0.828370377954401 -0.264308413023109   2.55152203907847 2.69561145868062 1774584245.25565
-0.881015766133086 -0.272076448345676   2.51720673130476 2.68077304187532 1774584245.27507
-0.956345692642848 -0.239571113586507   2.61910307504605 2.7985160925064 1774584245.29808
-0.882618462665361 -0.195908417573733   2.41359860104482 2.57737340439439 1774584245.31412
-0.765022560166684 -0.132040968166865    2.4586963037351 2.57834866704236 1774584245.33386
 -0.715030851903152 -0.0888265397451049    2.55603649558259 2.65565092587233 1774584245.35481
-0.690905976173165 -0.119935613259153   2.57305054515868 2.66689420997179 1774584245.3744
 -0.713734134935711 -0.0882647861005612    2.75578345212257 2.84807821571501 1774584245.39805
 -0.647975169535127 -0.0503472896663012    2.58096643094749 2.66153985271471 1774584245.41608
 -0.616616473320301 -0.0437280568909302    2.45082349117185 2.52758062245484 1774584245.43395
  -0.566632279799312 -0.00373972487618571     2.49984558824796 2.56326239217437 1774584245.45591
 -0.501253063154461 -0.0617510731641312     2.4852182037249 2.5360160386883 1774584245.47635
 -0.328084043732133 -0.0802342781263231    2.51022615785868 2.53284662834844 1774584245.49813
 -0.289898252900027 -0.0457701282137369    2.25788976563085 2.27688429556965 1774584245.51608
-0.361280463343368 0.0494233757876727   2.18435818621331 2.21458504667239 1774584245.53421
-0.497181727005866  0.270481564577771   2.20432476140194 2.27582899185652 1774584245.55518
-0.49654248702514 0.257610881352165  2.23468473446815 2.30363488211069 1774584245.57582
-0.47221895577522 0.211672916205304  2.30450416338062 2.36189237787984 1774584245.59697
-0.420830875823609  0.196573750329826   2.13675037917781 2.18665087480414 1774584245.61393
-0.246940321970337 0.0877828113843903   2.07120863133588 2.08772376982915 1774584245.63237
 -0.241050231458358 -0.0956221679792477     1.9808721284475 1.99777456244575 1774584245.65398
-0.254297165132044 -0.133388747390218   1.79885830095585 1.8216340996595 1774584245.67455
-0.274501413512755 0.0300111106600981   1.38048558722733 1.40783242941975 1774584245.69824
-0.184231970816391 0.0870208298853322  0.791773551805684 0.817569202724645 1774584245.71433
-0.0413110079868299  0.0754911564527397   0.474418521618186 0.482160188876939 1774584245.73395
 0.178872657063304 0.0541074765657966  0.201971567548431 0.275164606305344 1774584245.7542
  0.138748819244586 -0.0692961160617775  0.0745817054854102 0.172091886316951 1774584245.77561
 0.0341507363777801 -0.0866893577484454    -0.1364010586607 0.165186459329275 1774584245.79816
0.00734962435045056 -0.0514341114725008  -0.199612106344185 0.206263127582757 1774584245.81425
-0.0215411674756767 -0.0184513206334854  -0.132897585215815 0.135890548919083 1774584245.83479
 0.0183569835355741 -0.0474200221859216  -0.096763979697068 0.109311047545311 1774584245.85785
0.00295046607666369   -0.10406595688392 -0.0930131086042782 0.13960611377897 1774584245.87593
-0.0324624760452564   -0.10587908853531 -0.0936280596214809 0.145018644623857 1774584245.89823
-0.0324309813964184 -0.0847108880825538 -0.0589421011436261 0.108175202339978 1774584245.91609
-0.0266911424316454 -0.0563696627834961  -0.139823495972988 0.153103122086846 1774584245.93599
 0.0615194338999425 -0.0139644013676185  -0.433762743323347 0.438326091795049 1774584245.95782
 0.0708276533039876 -0.0172920159745232  -0.613522483308069 0.617839305817874 1774584245.97607
 0.112579416846766 0.0484560748881118  -1.10388744949932 1.11067079616475 1774584245.99816
  0.17084441331573 0.0860865455933639  -1.46823093616045 1.48064201912279 1774584246.01609
 0.194344213553785 0.0775677840548264  -1.65906929737668 1.67221331413279 1774584246.03602
 0.214038493393721 0.0790940490185978  -1.81734435512743 1.83161372848042 1774584246.05712
  0.1467617884799 0.062656527800775 -1.82999200302543 1.83693646982439 1774584246.07599
0.0647746440801194  0.143093619858132  -1.90523764932737 1.91170134669992 1774584246.09808
0.0683797832533637  0.199301698027052  -1.84959234121693 1.86155547601531 1774584246.11597
0.0947136674128668  0.244080039595245  -1.89802085114705 1.91599292689524 1774584246.13617
0.320021655377089 0.203166610495011 -1.95894406744798 1.99528253410889 1774584246.15693
 0.421086493991828 0.0588786481887811  -1.95670827368234 2.00237054486221 1774584246.1771
    0.33427934328977 -0.00686528820986643    -2.03991091677675 2.06712998137935 1774584246.19776
 0.299320729218721 0.0258723374589249   -2.1030189345766 2.12437071058074 1774584246.21622
 0.312456238505323 0.0242860842487011  -2.20983695070764 2.23194938642924 1774584246.23616
 0.259930304385924 0.0673616912667733  -2.30550502010465 2.32108913191981 1774584246.25603
 0.196163487050035 0.0402822439594909  -2.34754551228511 2.35607145585188 1774584246.27695
  0.261904191007946 -0.0397729535721995   -2.33958605147872 2.3545357473135 1774584246.29664
  0.313235808251846 -0.0183361737002845   -2.31161063918794 2.33280874356301 1774584246.31655
  0.385282214466276 -0.0236802242370321   -2.33577837506517 2.36745934605561 1774584246.3352
 0.492751179312386 -0.027690041954905  -2.39044310739032 2.44085819186759 1774584246.354
   0.408424579124123 -0.00831465925325037    -2.45999107860836 2.49367918490409 1774584246.37637
 0.174058554624828 0.0852735797799123  -2.52101960954041 2.52845957759539 1774584246.39646
0.186554108752928 0.185827199739425 -2.43716810567598 2.45135117006516 1774584246.41675
0.272968669968176 0.211452371630528  -2.4210855753973 2.44558364478692 1774584246.43634
0.728815926318806 0.286096881910135 -2.25002315485855 2.38235771405015 1774584246.45397
 1.32391307807492 0.385603655113134 -2.24393890368823 2.63376115481643 1774584246.47632
  1.6643020404529  0.20574651401598 -2.22726896067077 2.78800285743269 1774584246.49793
  1.71267913688087 0.0732962442369784  -2.20860655592262 2.79581563844804 1774584246.51453
  1.73355988931278 0.0524657180371159  -2.45461432082521 3.00551393365652 1774584246.53788
  1.20872653293005 -0.247183944984724  -2.38007127010964 2.68083177108685 1774584246.55402
 0.855877658266522 -0.693538790013586  -2.53721340913776 2.76603949767203 1774584246.57615
 0.365234680409607 -0.618257368536097  -2.61191908732733 2.70882998068685 1774584246.596
0.0873844009083032 -0.494397404212886  -2.47521662676228 2.52562114661226 1774584246.61596
0.0798150894452162 -0.414639189524976  -2.66248434554522 2.69575944703277 1774584246.63792
  0.451998118090521 -0.0703216878670065   -2.36340587395444 2.40726707358868 1774584246.65441
 0.603496116354906 0.0609630539506393  -2.44665975119617 2.5207276716309 1774584246.67612
    0.372455528841368 -0.000862823455231726     -2.54098669152117 2.56813886538803 1774584246.69809
  0.102053302467898 -0.0519480832655853   -2.55071784496427 2.55328709794232 1774584246.71626
-0.0140010359716284 -0.0604618003356446   -2.71896605325282 2.71967425568749 1774584246.73693
-0.208435798101897 0.0377435277880943  -2.68437033411415 2.69271501397612 1774584246.75441
-0.171270195700204  0.177148383818808  -2.78599814269452 2.79687337591856 1774584246.77598
0.163188122411644 0.292808821990065 -2.66415435519557 2.68516029276447 1774584246.79801
0.205116299373831 0.338932121185775 -1.93506173677463 1.97519913025739 1774584246.8162
0.121146394800042 0.290111081165129 -1.75776179584857 1.78565601931969 1774584246.83822
0.0137640851715268  0.238886800957613  -1.39136495834656 1.41179063640013 1774584246.85594
0.170606143138219 0.242553341001131 -1.32171551143515 1.35457390808903 1774584246.87635
 0.29873316080446 0.222691442100078 -1.30117853889118 1.35347647553248 1774584246.89822
0.466035022914567 0.218463348585031  -1.3966326870607 1.48845481618501 1774584246.91793
0.490541405407842 0.207217554306214 -1.58386723455147 1.67098934823591 1774584246.93882
0.743608639001476 0.286769977219167 -1.66391535262551 1.84494041327485 1774584246.95798
 1.12183639713548 0.235272305222151  -1.7570154693226 2.09784968932032 1774584246.9798
 1.07475192719452 0.049808496624463 -1.77118896571523 2.07236168262582 1774584246.99811
  1.02613537760567 -0.104534096569038   -1.8699933523194 2.1355927346379 1774584247.01884
 0.885867154167334 -0.263549913990867  -1.98851806032454 2.1928117220213 1774584247.0402
 0.668246216281749 -0.381905108108594  -1.99033166972137 2.13396922955093 1774584247.05991
 0.604952433277753 -0.383192916450053  -2.05631944876313 2.1774420619405 1774584247.08046
 0.542027441711661 -0.240518892686373  -2.06754897310849 2.15090721359838 1774584247.09823
 0.464867056382664 -0.201879628464968   -2.1293653459591 2.18884753719179 1774584247.12036
  0.32317207771288 -0.275827420218572  -2.23714027007031 2.27712923338311 1774584247.1418
0.0800562262302212 -0.164180636765887  -2.26597676556306 2.27332685351638 1774584247.16265
-0.0325672679536882  0.0342980072399309    -2.2391249211245 2.23962438650846 1774584247.18191
0.082459947625303 0.103516618010266 -2.19970262276883 2.20368032204826 1774584247.19819
 0.221753357375113 0.0933935564187226  -2.39515885503452 2.40721474919417 1774584247.22218
 0.380995900731013 0.0364995256880668  -2.37276612065726 2.40343694635166 1774584247.24364
 0.504466233565621 -0.119114916639459  -2.40432746305701 2.45956603769528 1774584247.26682
 0.405290718179478 -0.102629049100086  -2.21819351127325 2.25724959661451 1774584247.28312
 0.246606353284897 -0.125223146470983  -2.17501988578955 2.19253438592707 1774584247.2981
 0.256990132119068 -0.235086989754894  -2.51872918284625 2.54269670178728 1774584247.32234
0.239822784008608 -0.34314962635127  -2.6471670499776 2.68006716786758 1774584247.34574
0.0439638632393644 -0.147149362992668  -2.64146499708516 2.64592575238349 1774584247.36793
-0.104056920672046   0.16111111806528  -2.41236650611946 2.41997867654882 1774584247.38408
-0.12252779390903 0.242438744107608 -2.35919429230706 2.37478152969466 1774584247.39811
-0.0738721674444326   0.305650553887351   -2.72661004009314 2.74468243499157 1774584247.42259
0.026746150737661 0.221857814974641 -2.77844808020635 2.7874199506079 1774584247.44413
0.347519219759883 0.243965369346342 -2.82907701188942 2.86076308853844 1774584247.46801
0.443132745578405 0.204907514569124 -2.44144748590374 2.48978303194404 1774584247.48406
0.368451259788214  0.17136791024492 -2.26285426266739 2.29905039213437 1774584247.49814
0.253789715857736 0.240936363105465 -2.41054970038365 2.4358180163882 1774584247.52014
0.237697376026831 0.228138518566655 -2.42632718788265 2.44859364715389 1774584247.54194
0.326342314874114 0.310748405887558 -2.42170853623779 2.46327751435482 1774584247.56554
0.735466132530185  0.40644351053718 -2.01018206274199 2.17874704468562 1774584247.58194
 1.04849129578697 0.392203628606561 -1.91890044541947 2.22156174864986 1774584247.59866
 1.21684370586038 0.247819196601727 -1.65636391174875 2.07018462143838 1774584247.61284
    1.37894963815147 0.000457791510736202    -1.93950251708544 2.37974207171951 1774584247.63998
  1.22551373036882 -0.163530647272794  -1.58151644117879 2.00744126430608 1774584247.66655
 0.374402597627805 -0.237958053275162 -0.770880879406367 0.889414791007709 1774584247.68268
   0.14581171435588 -0.0423548049656716  -0.539903489068183 0.560848253144359 1774584247.69805
0.0392086541696079  0.127979013550461  0.167632738928128 0.214514991624564 1774584247.71504
0.0404362762500566  0.021462426824697  0.448549016334031 0.450879083853313 1774584247.74073
 0.217338696792259 -0.151543658641135  0.471582434043279 0.5409173520011 1774584247.76699
  0.333586612049953 -0.0567379403921236   0.277590122378091 0.437670535518202 1774584247.7839
 0.297924776727876 0.0560495685170964  0.220796659441656 0.375035853672555 1774584247.79817
 0.203693769402422  0.065628152632478 0.0519307319825899 0.220215819221886 1774584247.81481
  0.145764357593935 0.00256060215006761  0.0101162377826125 0.146137411004225 1774584247.83981
  0.078137303566228 -0.0304195950390481  0.0104728226567858 0.0845013016783826 1774584247.86598
0.0961512934167281 0.0741266966560964 0.0339508745280542 0.126065460234254 1774584247.88376
0.0776622518798313  0.118094754587006 0.0193310112594307 0.142658628986556 1774584247.89806
0.0141453493781107   0.10468238470635 0.0526105196519831 0.118009996843016 1774584247.91408
-0.0147753651938493  0.0238678999744024  0.0844049972833968 0.0889505010228156 1774584247.93847
-0.0340616271267408 -0.0304248887008277  0.0723526976756602 0.085561563543009 1774584247.96502
0.0239316039067006 0.0439163274813466 0.0752264468686253 0.0903348426326973 1774584247.98288
 0.042607769476686  0.051276232233589 0.0559772632282465 0.0870524440229897 1774584247.99801
0.0246676490914809  0.100112735740339 0.0434898424454972 0.111903615513752 1774584248.01291
0.00121004627661989  0.0832750203580358  0.0799668656010289 0.115459485628838 1774584248.03797
0.0133602626297164 0.0186273420818829 0.0965634516397537 0.0992470386618842 1774584248.06438
0.0815037506840493 0.0481443118829534  0.125973053951996 0.157575208913849 1774584248.08276
0.0936170575670697 0.0912549557047593 0.0915213366192368 0.159586263396212 1774584248.09822
  0.04628797622181 0.0535840824169181 0.0560628786280154 0.0903154305267572 1774584248.1127
 0.0206618595393413 0.00549737593137225  0.0263839135146828 0.0339594533834772 1774584248.13708
 0.0446291875730251 -0.0838266453453751  -0.159271636004662 0.185434961344642 1774584248.16392
  0.162377041791185 -0.0258809388032546  -0.291479168246187 0.334658381361775 1774584248.18263
   0.173681413146195 -0.00824890231616394   -0.334217136618105 0.37674178434451 1774584248.19812
 0.151289888128958 0.0407813033633716 -0.386926157199311 0.417448914334574 1774584248.21261
   0.11137656615513 0.00717208805950375  -0.382721123685574 0.398662309292953 1774584248.23779
-0.0629159875985114 -0.0308017161177392  0.0201205495881709 0.072883494201526 1774584248.26284
 -0.363369657992876 -0.0103414400146453   0.705206406882151 0.793385486405612 1774584248.28272
-0.376943124234344 0.0514113197419489  0.888728461395873 0.966730324754651 1774584248.29823
-0.423542988233922 0.0876479034852325    1.2808654101535 1.3519197523504 1774584248.31286
-0.501771050728564  0.100328866014379   1.72856267825428 1.80271156909767 1774584248.33627
-0.526020763441006 0.0752079047744393   1.80594411969331 1.88249521539006 1774584248.36216
-0.490897567875128   0.16778517318644   1.71033638351924 1.7872836460049 1774584248.38393
-0.400798922047441  0.203621814714297   1.54007510301896 1.60434813624749 1774584248.39818
-0.496793493336217  0.216971527041812   1.37145494061101 1.47470982660807 1774584248.4127
-0.640945585175428  0.225298007304749   1.62371298771096 1.76011769541489 1774584248.43758
-0.739755665657019 0.0881338899793733   1.62641201200781 1.78891644864646 1774584248.45974
  -0.844102429488579 -0.00275138342023934     1.74869881154701 1.94176827018189 1774584248.48367
 -0.612055508134037 0.00550340530109159    1.60038991019054 1.71344392880153 1774584248.4981
 -0.528278562519129 -0.0681867483586367    1.52619501996431 1.6164773154093 1774584248.51249
-0.543183486027288 -0.154325178677294   1.86826034500819 1.95173289079133 1774584248.53705
-0.516233424026154 -0.212785394736621   1.86276673934901 1.9446527961361 1774584248.55826
-0.487688088974693 -0.114730768900027   2.07216797775593 2.13187310820726 1774584248.58273
 -0.366930895814691 -0.0218217159123528    1.89088397707978 1.92628053106649 1774584248.59805
-0.439842826329184   0.01558530803225    1.8088467956458 1.86162062295672 1774584248.61216
 -0.563341186053982 -0.0331745155920498    2.21183319064152 2.28268699203656 1774584248.63604
 -0.55945530369223 -0.149923973087322   2.23715933552411 2.31091958472343 1774584248.65782
-0.430372314129245 -0.231448905914217   2.46466951474519 2.51264496929672 1774584248.68222
-0.234834810608571 -0.178152010677774   2.23039606879265 2.2497893569994 1774584248.69815
-0.155958759750949 -0.145442919538901   2.10318508077592 2.11396884120497 1774584248.7122
-0.177156180498684 -0.151190031163789   2.43361526113839 2.44473433670366 1774584248.73604
-0.0934107060507966  -0.166085656047609    2.43571314536555 2.44315544565961 1774584248.75777
 0.036224781723106 -0.109881682001924   2.55611989619437 2.55873702098735 1774584248.7804
0.168622961900391 0.100364847098603   2.3938448071419 2.40187421954052 1774584248.7981
-0.000938909745675925     0.228484036463884      2.30472368602934 2.31602182749105 1774584248.81354
-0.156636897062146   0.34615942996829   2.54280796623236 2.57103749906764 1774584248.83492
-0.319637766656419  0.288325683560382   2.53746243866825 2.5737163070793 1774584248.85601
-0.532497184513198  0.291887367513842   2.57707395825716 2.64765210576387 1774584248.87604
-0.831245958508599  0.325494523653195   2.72264853226212 2.86526291266511 1774584248.89805
-0.948807828415253  0.168473611983089   2.67264923652126 2.84106909361148 1774584248.91437
   -1.17074062828537 -0.00243393405412377     2.88012230122252 3.10897796916484 1774584248.9366
-1.16883906473682 -0.10195379980347  2.71745903092553 2.95992616821905 1774584248.95821
 -0.927023510143326 -0.0911391893942648    2.41055527250111 2.58427081823573 1774584248.97698
-0.738492803624418 -0.138957866797783    2.3316436802301 2.4497434888794 1774584248.9982
-0.725070247334787 -0.227055302763422   2.31723453525859 2.43861781865839 1774584249.01806
-0.749907004327425 -0.245344298325191   2.42044983299042 2.54580669609524 1774584249.038
-0.755547240095895 -0.244506274505056   2.49628467991614 2.61955571681018 1774584249.05965
-0.589143647026663 -0.136493801956545    2.4548747907952 2.52826640868525 1774584249.07659
-0.139086548421688 0.0623730334451914   2.62914609317626 2.63356120918368 1774584249.09698
0.0311966263706068 0.0863254416516844   2.70572839140129 2.70728488331174 1774584249.11819
0.0415376961294174 0.0646603537134413   2.82205305374581 2.82309932161412 1774584249.138
-0.0608644150619986   0.016633399183139    2.74644002118142 2.74716470873812 1774584249.15892
 -0.182048059699242 -0.0222129831909403    2.59995022312647 2.60641057306747 1774584249.17619
 -0.370850805048531 -0.0511851615269197    2.56673050328241 2.59388814655645 1774584249.19626
-0.380180101596088 0.0430191940772611   2.56227495726837 2.59068340739529 1774584249.21808
-0.562853073184779  0.190105629050642   2.60290044223553 2.66983790601231 1774584249.23797
-0.668144108075524  0.280811628669223   2.62926829917312 2.72732900637027 1774584249.2606
-0.818741382658742  0.371545894780616   2.37598898741753 2.54041482280663 1774584249.27697
-1.01063579142714 0.566550341103545  2.28442511060852 2.561437502243 1774584249.29507
-0.884003468246739  0.577306299715074    2.3859172132584 2.6090890448748 1774584249.32184
-0.763029223519272  0.498146891401533   2.52973261916668 2.6888493906936 1774584249.33959
-0.778705782753688   0.53714648539302   2.59949519866844 2.76627625713058 1774584249.36049
-0.658288952432069  0.381580639292738   2.38814401043402 2.50642772561849 1774584249.37691
-0.409638923212711 0.0729478184158165   2.40895462254319 2.44462426665014 1774584249.39812
-0.414497662757829 -0.164643549903536   2.39157996701632 2.43281124413513 1774584249.42185
-0.273680714431507 -0.459184196371102   1.52776123876774 1.61858137340384 1774584249.43995
-0.193325963442274  -0.39380277287581   1.05724538250968 1.14464988136268 1774584249.45968
 -0.14765945449499 -0.372108600950219  0.442826452852655 0.59696180175029 1774584249.47638
-0.432875929083586 -0.170508941024421  0.140703762506435 0.486058039469274 1774584249.49802
-0.367646297679186 -0.149396363685831  0.084098227743411 0.405654515060962 1774584249.5207
-0.0538216361312457 -0.0472105945870737  -0.175765964187143 0.189787467773152 1774584249.5402
0.00469062525169963 0.00476021629978481  -0.316095719942042 0.316166357777279 1774584249.56081
 0.143420485096516  0.111851176331458 -0.253682183191113 0.312145432868495 1774584249.57808
 0.298233136600534  0.141724844176532 -0.237205093032337 0.406565113338485 1774584249.59805
 0.204344843222473  0.056111234257607 -0.240622707153598 0.320631521780775 1774584249.62177
 0.0888223027421472 -0.0695236664965656  -0.175299029772921 0.208453091862104 1774584249.64189
 0.0844704438163869 -0.0629046424180681   -0.15002243452041 0.18330024761498 1774584249.66383
 0.0470316318936354 -0.0431706864833326  -0.138777925902422 0.152757963091287 1774584249.67852
-0.0290345297814766  -0.109109537937633  -0.204892582238983 0.233942012997139 1774584249.69804
-0.0833605064432961  -0.125722151158817  -0.268747822497976 0.308188944357008 1774584249.72408
 0.0206317774346018 -0.0990269135875683  -0.559760940574884 0.568827135822536 1774584249.74248
 0.0750130886048876 -0.0515913258410614  -0.794109168822284 0.799310953491632 1774584249.76256
 0.142067864669148 0.0206058696339595 -0.976078216611992 0.986578210269956 1774584249.77996
0.278497458679656 0.143781861947114 -1.09285180064692 1.13690769919691 1774584249.798
0.282957967009335 0.154359269562561 -1.13172034511436 1.17672551376253 1774584249.8241
0.276146974875608 0.065988376175217 -1.35675040554746 1.38613970453067 1774584249.84267
0.310621355087211 0.100121074998476 -1.50694329637569 1.54187806080335 1774584249.86239
0.326547020398857 0.132233163747209  -1.5934263925156 1.63190877027218 1774584249.88005
0.200941371159658 0.155866493086483 -1.66033836946244 1.67970095535479 1774584249.89683
0.0947385232431186  0.145568942576325  -1.70370939802101 1.71253946457715 1774584249.92296
0.118536128349157 0.135856275066862 -1.80915874734751 1.81812076449917 1774584249.94226
0.131858710393691 0.124048319911875 -1.79839218152256 1.80748143662421 1774584249.95815
 0.232184073402506 0.0597366681669975  -1.98010054115476 1.99456162264966 1774584249.98031
  0.505488092877606 0.00269163848204822   -1.81039744988456 1.87964474928303 1774584249.99666
  0.510792594827395 -0.0581538613820599   -1.78099953687217 1.85371257126422 1774584250.02251
   0.264803493415825 -0.00332894817719771    -1.29896858963248 1.32568901665246 1774584250.04221
 0.147703276142721 0.0214190069952808 -0.972471998914207 0.98385813017739 1774584250.05828
0.0568284982211604 0.0259277353522873 -0.895852416924868 0.898027437543363 1774584250.07982
0.0150925695742239  0.109199508965075 -0.764877601467915 0.772780734517804 1774584250.09653
0.0158812949700352  0.108389167824831 -0.753049005240445 0.760975184566033 1774584250.12238
0.0544237465890863 0.0210742282638421 -0.720949568104056 0.72330791993392 1774584250.14236
 0.048971384170803 0.0389077640395203 -0.654229103813698 0.657212089699386 1774584250.15902
 0.0514853006968351 -0.0102533262521558  -0.757782421683848 0.759598621312673 1774584250.18206
  0.222350220295756 -0.0529140492935993  -0.688837523747899 0.725766251076304 1774584250.19624
  0.252269624780834 -0.0944405486786616  -0.693470362484005 0.743949006629814 1774584250.21828
 0.211406747520173 -0.114315577317685 -0.800797205018044 0.836084342443539 1774584250.24189
  0.173415109178139 -0.0755563708013349  -0.731933164113388 0.755981297380411 1774584250.25779
  0.14281163937099 -0.044985058863016 -0.836492646772435 0.849787484001202 1774584250.27998
  0.204028159940975 0.00487117627966739  -0.763117007252581 0.78993593738061 1774584250.29624
 0.293219173576316 0.0643027805324285 -0.758775959078524 0.815998337873622 1774584250.31705
 0.467040120058252  0.030939636132615 -0.843137832472838 0.964347001537849 1774584250.34
 0.457529830616427 0.0431479303942696 -0.843564860240111 0.960623216059826 1774584250.35766
  0.483413552887581 0.00796019628009497   -1.05391146174188 1.15951774330155 1774584250.37985
   0.50493306361864 -0.0529269517047558   -1.17865472208089 1.28334937364524 1774584250.39812
 0.460225987236632 -0.100115769861618  -1.25304921381768 1.33864239397684 1774584250.41689
 0.265953607886531 -0.108844018214612  -1.56494822744529 1.59111322552266 1774584250.43983
  0.173941325468887 -0.0776724882974116   -1.65395260139016 1.6648867252127 1774584250.45781
  0.179623115314423 -0.0566525844129522   -1.89390421671438 1.9032464792991 1774584250.47875
 0.229656208911462 0.0596358354837558  -1.94836876714769 1.96276316960606 1774584250.49809
0.343916578948873 0.138062504500605 -2.01309067171458 2.04691815199561 1774584250.51964
 0.43527350357599 0.178454957651754 -1.98769177289815 2.04260318683606 1774584250.53853
0.471295979846227 0.265423305354314 -1.97962905818538 2.05219410379631 1774584250.55809
0.529852588537753 0.308925668524272 -2.07581390118136 2.16452816719744 1774584250.57822
0.634838063744372 0.424846913858424 -2.13094694852744 2.26372462212879 1774584250.59804
0.818710106248584  0.49600130474584 -2.17881342558263 2.37981752995524 1774584250.61862
 0.88706940864819 0.406516128764988 -2.26916025831395 2.47006797003988 1774584250.63814
0.761870326443355 0.265368222433887 -2.32965197092636 2.46538942024049 1774584250.65828
  0.648999926948694 -0.0197770330950059   -2.41873275054822 2.50436821469847 1774584250.6786
 0.444323715547177 -0.471849942587936  -2.39013601987227 2.4764523266174 1774584250.69804
 0.511482984727428 -0.309401127088642  -2.34594892151133 2.42091310117682 1774584250.71832
 0.447752865589141 -0.146125224647314  -2.20458967260251 2.25434044333751 1774584250.7363
  0.41792766522232 -0.027262187644956  -2.13437714099424 2.17507989283891 1774584250.75797
  0.363789088450207 -0.0883920007594245   -2.23052301115264 2.26172247412346 1774584250.77824
 0.244907664106194 0.0409448938733892  -2.25256571206873 2.26621017018722 1774584250.79805
0.212083545130186 0.106513757445005 -2.35125597540684 2.36320318054255 1774584250.81823
0.169175304612681 0.131945557132445 -2.39335272502972 2.40294968323204 1774584250.83508
0.116562432485444 0.134182026127267 -2.68068539683089 2.68657138628121 1774584250.85862
 0.223942302763694 0.0496103538578448  -2.66280588956189 2.67266656125722 1774584250.87807
 0.506025229463581 -0.285843866149746  -2.57972367164202 2.64437941126067 1774584250.89813
 0.618157786505457 -0.330595343000743  -2.59713841939256 2.69008183877666 1774584250.91819
 0.376490517545315 -0.213151587820599  -2.51287255536606 2.54984454206603 1774584250.93398
 0.216346033270006 0.0722512571508732  -2.68564339704516 2.69531191262974 1774584250.95774
0.238184830977593 0.263613421810975  -2.5349050088868 2.55968112348904 1774584250.97686
0.420356516491385 0.403757542113988 -2.45692204878859 2.52511102876571 1774584250.99796
0.857894402432076 0.503458780919524 -2.31126789794561 2.5162298873281 1774584251.01642
 1.01148797257696  0.43504386788746 -2.24382221474835 2.49942177654203 1774584251.03029
 1.15712257112878 0.423505704493089 -2.34394234561271 2.64808524143583 1774584251.05062
 1.19645993614684  0.14680793775416 -2.43084441340738 2.7133141195936 1774584251.07399
  1.12906556056552 -0.186277694040935  -2.12201569257452 2.41090004332093 1774584251.09805
 0.653901823543896 -0.404706197211967   -1.4306426568781 1.62422692767206 1774584251.11611
 0.348363163392479 -0.344456116287103  -1.24015560716355 1.33341397909111 1774584251.13018
 0.115243316629319 -0.179546811966264 -0.547757130351315 0.587840074821105 1774584251.1468
-0.0470822691307334 -0.0348554485429116  -0.232021215225765 0.239302082469976 1774584251.17296
-0.110314359918956 0.0105536012579994  0.158402921018509 0.19331870548666 1774584251.1977
-0.0350953207503346  0.0531400238612205    0.47429523542277 0.478551474785399 1774584251.21616
0.0237156858816031 0.0899844708089459  0.471505320933909 0.480600568468858 1774584251.23052
0.0620830828905452 0.0396894388097232  0.391004987825947 0.397887498219025 1774584251.24643
   0.047871696801997 -0.00722325750813635    0.355147297799325 0.35843197114361 1774584251.2729
-0.0308432703033789  0.0190435180397805   0.232777522120183 0.235582974144464 1774584251.29673
-0.162434493325531 0.0627767107846505  0.256285793973388 0.309852042483879 1774584251.31676
-0.206360721462534 0.0398470710305471  0.272787466964969 0.344362510394809 1774584251.33202
-0.306670397528275 0.0217594620933271  0.555026715157742 0.634487873366808 1774584251.35003
 -0.354207404801073 -0.0276738436732855   0.757009697199657 0.836237053050079 1774584251.37358
 -0.341677957997544 -0.0565461147887562   0.919134024272408 0.98221619038492 1774584251.39817
-0.321616381555033 0.0189192508968677   1.02925037051136 1.0784949513729 1774584251.41772
-0.252618988734743 0.0799083700680565  0.993380426983147 1.02810815276872 1774584251.43202
-0.331910198317938  0.126679176789124   1.07125545413619 1.1286275920763 1774584251.44991
-0.414489155021988  0.148218977811387   1.22869527195637 1.30516749742791 1774584251.47245
-0.473859293183582  0.156108626618922    1.3371657742115 1.42720875864883 1774584251.49806
-0.514830057180209  0.202719254229844   1.37069131931827 1.47815417892253 1774584251.51889
-0.402886865927836   0.23663179569287   1.33134165423591 1.41095110963264 1774584251.53382
-0.454090385195018  0.237511453540274   1.36251195017527 1.45569522320429 1774584251.55397
-0.510803628983522  0.102352180673957   1.38897083216357 1.48345417484754 1774584251.57559
 -0.530701903871837 0.00762250145908039    1.43138477929662 1.52661881283565 1774584251.59818
-0.558387167483763 0.0274779969169708   1.55690471055518 1.65423805628876 1774584251.61999
-0.380348182889743 0.0354737850761646   1.49055945508522 1.53873019688284 1774584251.63409
-0.390838519942234 0.0244093434115882   1.62326949585766 1.66983664497411 1774584251.65463
 -0.382345090153357 -0.0595526627500869    1.68763556694139 1.73142949449597 1774584251.67621
 -0.360946414988681 -0.0907739014438586    1.74071963680093 1.78006378245862 1774584251.69808
 -0.356099884444252 -0.0730528436022805    1.94774117969595 1.98137314727513 1774584251.71997
-0.262439615785029 -0.105773509671368   1.88737037096212 1.90846260232347 1774584251.73601
-0.278204810207544 -0.155541675284881   2.04112277953634 2.06585898122674 1774584251.75591
-0.282034048447743 -0.247655399075346   2.13386456641582 2.16662280726941 1774584251.77619
-0.24216039463196 -0.33945448845608   2.2256069879741 2.26433157275617 1774584251.79809
-0.0902869674406481  -0.355540160704531     2.4053189706773 2.43312964986733 1774584251.82003
 0.137162280627288 -0.307784857892944   2.37924461673406 2.4029877145406 1774584251.83621
 0.274616963861165 -0.244309039204716    2.4962865699662 2.52320193858341 1774584251.85789
 0.268389762831407 -0.208892224403321   2.42506699147363 2.44879948941187 1774584251.87687
 0.168414334136618 -0.189871717687753   2.35953984719858 2.37315042667722 1774584251.8967
-0.394529504513058   0.20528045783323    2.4403717555279 2.48056604457085 1774584251.9189
-0.53623862617185  0.37868621683642  2.40736844905773 2.49527112044747 1774584251.93633
-0.761440989800258  0.430911489403836   2.61768676429172 2.76002918256244 1774584251.95956
-0.977198754700634  0.165884812279695   2.41500109285172 2.61049142032847 1774584251.97697
  -1.08624962564871 0.00588900114620769    2.39484052413558 2.62968326336053 1774584251.9982
-0.973275376804715 -0.366731725223166   2.41124486855184 2.62599675047345 1774584252.01786
-0.820784501359534 -0.364605650856548   2.43624383521358 2.59651853506281 1774584252.03795
-0.591058401733276  -0.27192487750969   2.47941183965606 2.56335253991619 1774584252.05713
-0.580790886923281 -0.185692423685884   2.46267190009326 2.53703618777037 1774584252.07606
-0.641464816355453 -0.208517935786933   2.49243217979803 2.58208733606351 1774584252.09808
-0.779923031493588  0.083243207354595   2.38275250646599 2.50852922520245 1774584252.11659
-0.953829158075216  0.119861810490303   2.36027243558259 2.54853740144803 1774584252.13819
 -0.894255353392685 -0.0204889564620711    2.43881231536872 2.59767548858639 1774584252.15824
  -0.796326593401683 -0.00169291507718932     2.44519891152222 2.57160195719121 1774584252.17592
-0.759667844268052 0.0207288458313695   2.53018775256868 2.64185067365907 1774584252.19789
-0.786691756252461   0.18903470104583   2.41959037097351 2.55128116852353 1774584252.21614
-0.77945099737853 0.232484206859792  2.42638249024222 2.55908670285077 1774584252.23825
-0.52253007001629 0.351432555127826  2.54287504861975 2.61968624605463 1774584252.26091
-0.460096994348643  0.413428643555009   2.42598974001814 2.50360514182921 1774584252.27773
-0.493759465656383  0.452001860862032   2.51516376875212 2.60272028381679 1774584252.29808
-0.31702915873259 0.408654810695879  2.43578305364319 2.49008942132746 1774584252.31412
-0.227185371638053  0.351873758895439    2.4689616073276 2.50423636139706 1774584252.33677
-0.308998217937149  0.074768581172843   2.57931126343532 2.59882989691577 1774584252.36028
 -0.309479743870058 -0.0369775477472054    2.52862651529345 2.54776315711417 1774584252.37633
-0.385471079224171  -0.10607155841965   2.69860298167426 2.7280574006287 1774584252.39819
-0.574418987086134   -0.2832063690329    2.4431457746205 2.5256928348934 1774584252.41412
-0.694916762730528 -0.328316151687195   2.41445928763953 2.533833943701 1774584252.43692
-0.707191755837893 -0.337179305432477   2.51198840146968 2.63132966248154 1774584252.46252
-0.615248552452631 -0.299541414733476   2.33053597563733 2.42892028979451 1774584252.47819
  -0.5985687256525 -0.223772754909348   2.47819210802818 2.55925670644078 1774584252.49821
 -0.196915132923799 -0.0824125508720635    2.48899815903163 2.49813515122351 1774584252.51402
  0.126646893196413 -0.0748518199795041    2.58956463878914 2.59374001183189 1774584252.54001
-0.107315480959001 -0.104889108905648   2.63007647431004 2.63435392427434 1774584252.5632
 -0.218350680720928 -0.0892866582536058    2.51671878927464 2.5277505002277 1774584252.57811
 -0.278688847784464 -0.0605286854848808    2.69933432284913 2.71435756343142 1774584252.59823
-0.210970730474945 -0.129460866947153   2.65386797632548 2.66538627612467 1774584252.61386
-0.040274593377232 -0.134924529864486   2.72162990844357 2.72526990042554 1774584252.63878
-0.425884704835777  0.120520680651396   2.67655175237275 2.71290108544476 1774584252.66118
-0.579781968906735  0.303405181679739    2.4911683449385 2.57567885392631 1774584252.6769
  -0.624153788486 0.354458442630974  2.63663922115465 2.7325949428638 1774584252.69812
-0.725664921132915  0.423322497425159   2.48457482570277 2.62276639811956 1774584252.71407
-0.834653285289867  0.476061984961301   2.56153787714428 2.7358284698086 1774584252.73888
-0.917077992519673  0.390212919460535   2.59713389627232 2.78179845460531 1774584252.76233
-0.891884670011404  0.341308605259134   2.48431192727268 2.66153256238104 1774584252.77911
-0.880102845198377   0.31878606893973   2.51902960707203 2.68732501517434 1774584252.79807
-0.809984422892445  0.121986566286399   2.41211122171709 2.54739789463999 1774584252.814
