  0.200326341455 -0.0893696607807   -1.29393840677 1774584238.22
  0.233668091544 -0.0726098278035    -1.3510702506 1774584238.24
 0.283235263654 -0.049042513681  -1.43811746913 1774584238.26
 0.341150609867 -0.024203584227  -1.54467517119 1774584238.28
   0.397397729484 -0.00361987442523    -1.65749220885 1774584238.3
  0.440952169371 0.00863884960194   -1.76186671088 1774584238.32
  0.46125496211 0.0110404239594  -1.84324872637 1774584238.34
  0.449864625594 0.00502858819858    -1.8888740905 1774584238.36
   0.402017390624 -0.00529588107091    -1.88923657133 1774584238.38
 0.317771446789 -0.014179898529  -1.83920253608 1774584238.4
  0.202436126967 -0.0156699218845   -1.73859101711 1774584238.42
  0.0660973980175 -0.00516270121442     -1.5920914536 1774584238.44
-0.0777697447683  0.0193198951389     -1.408477232 1774584238.46
-0.214401745316 0.0564444196418  -1.19919163797 1774584238.48
-0.330173406516   0.10164290981 -0.976516339363 1774584238.5
-0.414857714523  0.147948281056 -0.751649241792 1774584238.52
-0.463235816783  0.187402403909  -0.53307887344 1774584238.54
 -0.47570976888  0.212714626435 -0.325612583975 1774584238.56
-0.457799685533  0.218789399598 -0.130284526485 1774584238.58
-0.41866907546 0.203774623843  0.05484066254 1774584238.6
-0.369045696131  0.169399163257  0.233186168068 1774584238.62
-0.319029862046  0.120539648232  0.407906861757 1774584238.64
-0.276277714136 0.0641402195602  0.580338901585 1774584238.66
 -0.244922322002 0.00775784787899   0.749074581267 1774584238.68
 -0.225393143269 -0.0419172692744   0.909901175332 1774584238.7
 -0.215073954085 -0.0802299798152    1.05659797646 1774584238.72
-0.209557405156 -0.105177370646   1.18235255757 1774584238.74
-0.204148680045 -0.117385611781   1.28140348305 1774584238.76
-0.195254326789 -0.119519316774   1.35048131444 1774584238.78
-0.181355835147 -0.115327399957   1.38970274512 1774584238.8
-0.163386506873 -0.108598041415   1.40273846347 1774584238.82
-0.144473533354 -0.102288733826   1.39626781471 1774584238.84
 -0.129144580522 -0.0980234270305    1.37889631019 1774584238.86
 -0.122204953009 -0.0960326889866    1.35980699601 1774584238.88
 -0.127550881837 -0.0954888892133    1.34743171688 1774584238.9
 -0.147188198251 -0.0950898757462    1.34837624836 1774584238.92
 -0.180673676619 -0.0936945472369    1.36674213107 1774584238.94
 -0.225098358648 -0.0908202053895    1.40388900533 1774584238.96
 -0.275608053326 -0.0868675521122    1.45859901845 1774584238.98
 -0.326333349737 -0.0830259655945    1.52755256218 1774584239
 -0.371508696183 -0.0809044872972    1.60600319836 1774584239.02
 -0.406520000953 -0.0820083786647     1.6885412638 1774584239.04
 -0.428643104163 -0.0872191340641    1.76984898448 1774584239.06
 -0.437316513159 -0.0964299405782    1.84536565603 1774584239.08
-0.433911726319 -0.108442844513   1.91179554027 1774584239.1
-0.421093649975 -0.121162006776    1.9674049593 1774584239.12
-0.401968885682 -0.132038524785   2.01207308285 1774584239.14
-0.379272899892  -0.13865597274    2.0470873485 1774584239.16
-0.354833078011  -0.13930765869   2.07471044121 1774584239.18
-0.329465611687 -0.133415091011   2.09758738524 1774584239.2
-0.303339145622 -0.121672445693   2.11809951376 1774584239.22
-0.276698077517 -0.105866327847   2.13779483195 1774584239.24
-0.250718830969 -0.088400123273   2.15702075127 1774584239.26
 -0.228205465787 -0.0716301626999    2.17485047365 1774584239.28
 -0.213838362153 -0.0571781846826    2.18933255321 1774584239.3
 -0.213777085898 -0.0454053207108    2.19801722328 1774584239.32
 -0.234572710222 -0.0352081078113    2.19864117163 1774584239.34
 -0.281534755702 -0.0242282609987    2.18980304996 1774584239.36
  -0.356879637749 -0.00946797963561     2.17144891669 1774584239.38
-0.458112959472 0.0118061216801   2.14501585272 1774584239.4
-0.577125730441 0.0410774009208     2.113149884 1774584239.42
-0.700391426951 0.0777645239495   2.07900960662 1774584239.44
-0.810441083432  0.118814831828   2.04527189186 1774584239.45
-0.888503017681  0.158863792772   2.01304934562 1774584239.48
-0.917885434301  0.190990863274   1.98098834884 1774584239.5
-0.887432561703  0.207955247966   1.94482164431 1774584239.52
-0.79427377682 0.203666703193  1.89758834804 1774584239.54
-0.645161121571  0.174572373183    1.8306080631 1774584239.56
-0.455959168818  0.120643786186   1.73512306071 1774584239.58
-0.249261380954 0.0457307658046   1.60433934431 1774584239.6
-0.0505579097393  -0.042809981721     1.4354512327 1774584239.62
 0.116253209501 -0.135143082414   1.23117126201 1774584239.64
  0.23304435698 -0.220433814473    1.0003375203 1774584239.66
0.290429770242 -0.28849263841  0.75733450102 1774584239.68
 0.288931166883 -0.331289211462  0.520308825872 1774584239.7
 0.238176731813 -0.344092568911  0.308430699953 1774584239.72
0.154428399338 -0.32608549473 0.138680527222 1774584239.74
0.0570848298339 -0.280403046352 0.0227722045239 1774584239.76
-0.0350262474319  -0.213633979053 -0.0351723192361 1774584239.78
 -0.106796572083  -0.134886329916 -0.0397114790804 1774584239.8
  -0.148875102167  -0.0545535897507 -0.00368367323831 1774584239.82
-0.158357042215 0.0170665970552 0.0536453549302 1774584239.84
-0.138203318945 0.0711432856234  0.109569609757 1774584239.86
-0.0957129548912   0.101512255321   0.141531841443 1774584239.88
-0.0404972273897   0.105547630799   0.130675102913 1774584239.9
0.0175900114434  0.084564206167  0.064735591953 1774584239.92
 0.0701998432697  0.0436507182759 -0.0602108746801 1774584239.94
   0.111686143258 -0.00909407151136   -0.239417722655 1774584239.96
   0.13967042866 -0.0638525039918   -0.46056073659 1774584239.98
 0.155007015242 -0.110727784816 -0.706011443859 1774584240
 0.161256117776 -0.141460502689 -0.955846526953 1774584240.02
 0.163807056097 -0.150900705106  -1.19103682879 1774584240.04
 0.168801953322 -0.137931212388  -1.39625438668 1774584240.06
 0.182007455919 -0.105627590132  -1.56183629858 1774584240.08
  0.207777379459 -0.0605890871371   -1.68462747508 1774584240.1
  0.248242973769 -0.0115507069856   -1.76765107348 1774584240.12
  0.30285246256 0.0324527483997  -1.81877794042 1774584240.14
 0.368348180393 0.0639944130291  -1.84873938133 1774584240.16
 0.439212574671 0.0788349859894  -1.86891831558 1774584240.18
 0.508536838127 0.0768384989889  -1.88934938109 1774584240.2
  0.5691811421 0.062025166344 -1.91726767369 1774584240.22
 0.615023551521 0.0417403931156  -1.95639578888 1774584240.24
 0.642057096011 0.0251001178339  -2.00698751021 1774584240.26
 0.649106824263 0.0210200085689  -2.06649268171 1774584240.28
 0.638005338663 0.0362216843091  -2.13060264731 1774584240.3
 0.613176569511 0.0736179979832  -2.19439661815 1774584240.32
0.580710249685 0.131410567692 -2.25333762324 1774584240.34
0.547131291719 0.203098920638 -2.30394800243 1774584240.36
0.518145181541 0.278426191306 -2.34410307801 1774584240.38
0.497647662539 0.345103472168 -2.37298751023 1774584240.4
0.487218179799  0.39099817376 -2.39083497872 1774584240.42
0.486188649067 0.406371928622 -2.39860127185 1774584240.44
0.492227920527 0.385732406586 -2.39770055756 1774584240.46
0.502251169861 0.328929337183 -2.38987576296 1774584240.48
 0.51338927722  0.24127016045 -2.37719869924 1774584240.5
0.523755283384 0.132629542508 -2.36213016343 1774584240.52
0.532819613926  0.01573848462 -2.34753692451 1774584240.54
  0.541328175141 -0.0959863883455   -2.33657195118 1774584240.56
 0.550829649382 -0.190619767103   -2.3323721686 1774584240.58
  0.56298121851 -0.259472603842  -2.33759702498 1774584240.6
 0.578847957286 -0.298087522709  -2.35389708072 1774584240.62
 0.598392655605 -0.306359234903  -2.38144241338 1774584240.64
 0.620282616069 -0.287863773727  -2.41864293739 1774584240.66
0.642044099654 -0.24865046534 -2.46215697949 1774584240.68
 0.660502816299 -0.195840537054  -2.50722257599 1774584240.7
 0.672384298566 -0.136370716203   -2.5482760328 1774584240.72
  0.674925341928 -0.0761299699335   -2.57976168352 1774584240.74
  0.666368806994 -0.0195939800725   -2.59699751871 1774584240.76
 0.646267584998 0.0300923159047  -2.59694895309 1774584240.78
 0.615586885327 0.0707552467339  -2.57877742506 1774584240.8
0.576640841305 0.100782573074 -2.54406720481 1774584240.82
 0.53291130707 0.118866340441 -2.49668415342 1774584240.83
0.488773580984 0.124011050053 -2.44227329478 1774584240.86
 0.44911588694   0.1157962619 -2.38744830231 1774584240.88
  0.41881772868 0.0947701162075  -2.33876109618 1774584240.9
  0.40207155371 0.0627875784718  -2.30156597061 1774584240.92
 0.401596277211 0.0231153325401  -2.27891535943 1774584240.93
 0.417877758967 -0.019800300855  -2.27064556971 1774584240.96
 0.448639698342 -0.060893646895    -2.272824553 1774584240.98
  0.488757452969 -0.0952509680668   -2.27772613736 1774584241
 0.530755215914 -0.118909793888   -2.2744499111 1774584241.02
 0.565884491305 -0.129499367224  -2.25021330702 1774584241.03
 0.585611329026 -0.126586063883  -2.19220748315 1774584241.05
 0.583200088689 -0.111666842822  -2.08975627366 1774584241.07
  0.555024153226 -0.0878319882599   -1.93639020371 1774584241.1
  0.501282640181 -0.0591769742713   -1.73139337227 1774584241.12
   0.42594395224 -0.0300776209503   -1.48043493429 1774584241.13
    0.33592894197 -0.00445595062519    -1.19506339983 1774584241.15
  0.23973184919 0.0148406586341 -0.891087680941 1774584241.17
 0.145804686477 0.0264467916911 -0.586130438882 1774584241.2
0.0610692278202 0.0306114613458 -0.296843487095 1774584241.22
-0.0101337881706  0.0290443756492  -0.036362499757 1774584241.23
-0.0664742502224  0.0245152958706   0.187477068264 1774584241.25
-0.109414317555 0.0202851338271  0.372824159561 1774584241.28
-0.142460379546 0.0194672366148  0.523318013907 1774584241.3
 -0.17010174385 0.0244166367727  0.646604481552 1774584241.32
-0.196687623994 0.0362304851897  0.752256845356 1774584241.33
-0.225470087738 0.0544243926211  0.849592036101 1774584241.35
-0.257975790024 0.0768339041006  0.945847284464 1774584241.37
-0.293786524124 0.0997769604849   1.04505313276 1774584241.4
-0.330727482241  0.118493919116   1.14774948308 1774584241.42
-0.365394841361  0.127847439771   1.25149374969 1774584241.43
-0.39390615754 0.123213048141  1.35194962887 1774584241.45
-0.412729427719  0.101431435471   1.44425069525 1774584241.48
-0.419440093685  0.061643968296   1.52431491998 1774584241.5
 -0.413270553905 0.00581470042221    1.58983722118 1774584241.52
 -0.395353775802 -0.0612286961489    1.64078793355 1774584241.53
-0.368617792354 -0.132322290966   1.67936916592 1774584241.56
 -0.33735270456 -0.199028685987   1.70950027225 1774584241.58
-0.306533698899 -0.253069107756   1.73599377285 1774584241.6
-0.281028946461 -0.287848022945   1.76362822485 1774584241.62
-0.264839502749 -0.299740225932   1.79632009805 1774584241.63
-0.260505351723 -0.288836037935   1.83654914804 1774584241.65
-0.268771691774 -0.258944796292   1.88511648182 1774584241.67
-0.288554099637 -0.216817493239   1.94123198696 1774584241.7
 -0.31718553961 -0.170727770107   2.00285874223 1774584241.72
-0.350885130649 -0.128703193701   2.06720185981 1774584241.74
 -0.385363851735 -0.0967887099002    2.13122356607 1774584241.76
 -0.416474143844 -0.0777290171278    2.19208973764 1774584241.78
 -0.440813267451 -0.0703737833282    2.24749196567 1774584241.8
 -0.456200287809 -0.0699568995109    2.29582793408 1774584241.82
 -0.46196327169 -0.069211794439   2.33625020653 1774584241.84
 -0.458998377743 -0.0601002180023    2.36860608136 1774584241.86
 -0.449596536705 -0.0357914449312    2.39329323819 1774584241.88
 -0.437073083723 0.00753660369249    2.41105572513 1774584241.9
-0.425273092104 0.0694768417558   2.42274969726 1774584241.92
-0.418048926384  0.145040381068   2.42912013029 1774584241.94
-0.418805848478  0.225276992078   2.43064308799 1774584241.96
-0.430182151865  0.298764508059   2.42749189865 1774584241.98
-0.453879724108  0.353673985858   2.41966812798 1774584242
-0.49060771227 0.379992153233  2.40729433615 1774584242.02
-0.540068115386  0.371449041365   2.39100214321 1774584242.04
-0.600912632782  0.326762730533   2.37228566171 1774584242.06
-0.67063599452 0.249958651342  2.35365344823 1774584242.07
-0.745429402655  0.149714300629   2.33842526626 1774584242.1
-0.820077163729  0.037878600098   2.33009326167 1774584242.12
 -0.888017172683 -0.0725243388829    2.33129089542 1774584242.14
-0.941683758197 -0.169407877998   2.34255730237 1774584242.16
-0.973202099554 -0.243450926959   2.36120621586 1774584242.18
-0.975413576918 -0.289321929977   2.38066237375 1774584242.2
-0.943101843401  -0.30612072065   2.39058291548 1774584242.21
-0.874190834255 -0.297025765863   2.37793133163 1774584242.24
-0.770631045785 -0.268286103201   2.32894380373 1774584242.26
-0.638704612471 -0.227805456395   2.23167728433 1774584242.28
-0.488572518969 -0.183614937517    2.0786250526 1774584242.3
-0.333046242171  -0.14251958993   1.86879331747 1774584242.32
-0.185755525378 -0.109143297082   1.60869132617 1774584242.34
-0.0590515015033 -0.0855030758689    1.31189768178 1774584242.36
0.0379237598725 -0.071136207419  0.997183855474 1774584242.38
  0.100589411254 -0.0636999601997   0.685523283876 1774584242.4
  0.129419159719 -0.0598797235282    0.39659674377 1774584242.42
  0.129501851638 -0.0563902959553   0.145540653048 1774584242.44
  0.109314668592 -0.0508458443795 -0.0593666021212 1774584242.46
0.0790213461575 -0.042309421176 -0.217610632092 1774584242.48
 0.0486794933257 -0.0314074930572  -0.335805080976 1774584242.5
 0.0267095062974 -0.0199947999164  -0.425732908662 1774584242.52
 0.0188680088664 -0.0104597321887  -0.501564534348 1774584242.54
  0.0278248654894 -0.00484774644207   -0.576896036981 1774584242.56
   0.053307935218 -0.00403020647865   -0.662234639309 1774584242.58
  0.0926829352302 -0.00714540764694    -0.76340255524 1774584242.6
  0.141787214522 -0.0114842979822   -0.88108502792 1774584242.62
  0.195830982453 -0.0128939610273   -1.01147987747 1774584242.64
   0.250205522866 -0.00664697877775     -1.1477766785 1774584242.66
 0.301082982775 0.0113975354653   -1.2820489796 1774584242.68
 0.345747441322 0.0436045556179  -1.40710353859 1774584242.7
 0.382655509782 0.0896394770052  -1.51789279956 1774584242.72
 0.41127954463 0.146064382901 -1.61223744721 1774584242.74
 0.43182799958 0.206603002216 -1.69078820886 1774584242.76
 0.44495458189 0.263073797733 -1.75633746902 1774584242.78
0.451553178705 0.306831182164 -1.81273123666 1774584242.8
0.452690133085 0.330423435099 -1.86370095628 1774584242.81
0.449661689259 0.329106294741 -1.91192087816 1774584242.84
0.444103405176 0.301864553147 -1.95850912034 1774584242.86
0.438043239919  0.25169251736 -2.00305575056 1774584242.88
0.433797422935 0.185048960831 -2.04411585274 1774584242.9
0.433660541594 0.110595937674 -2.07998674672 1774584242.91
0.439423769045 0.037505937049 -2.10952491779 1774584242.93
 0.451839202516 -0.026268256606  -2.13276327563 1774584242.96
  0.470201170259 -0.0753548026082   -2.15115840599 1774584242.98
 0.492213012402 -0.107643329381  -2.16740893919 1774584243
 0.514245296308 -0.124151486074  -2.18490746186 1774584243.02
 0.531986011591 -0.128158491778  -2.20698513585 1774584243.04
 0.541368447235 -0.123875696815  -2.23615423525 1774584243.06
 0.539574842316 -0.115034984818  -2.27353923962 1774584243.08
 0.525879684943 -0.103780880493    -2.318621043 1774584243.1
  0.502123111254 -0.0901564513541   -2.36932563151 1774584243.12
  0.472681170629 -0.0723081909016   -2.42239861543 1774584243.14
  0.443903500988 -0.0473458124499   -2.47394583474 1774584243.15
 0.423095968911 -0.012623618999  -2.52000110243 1774584243.18
  0.41721641416 0.0329033611075  -2.55700413819 1774584243.2
 0.431512638305 0.0876288562789   -2.5821229491 1774584243.22
0.468355211778 0.146873913776 -2.59341725759 1774584243.24
0.526499053182 0.203276765066 -2.58989355141 1774584243.26
0.600946230868 0.247976969213 -2.57153110691 1774584243.28
0.683483104238 0.272365123334  -2.5393515259 1774584243.3
0.763841205737 0.270001483775 -2.49556125834 1774584243.32
0.831305333724 0.238233717964 -2.44372832259 1774584243.34
0.876491613878 0.179094273749 -2.38888317435 1774584243.35
 0.892968445694 0.0992254021087  -2.33738812095 1774584243.38
  0.878409798282 0.00882222381549   -2.29642628005 1774584243.4
  0.835052543533 -0.0801668194974   -2.27303330038 1774584243.42
 0.769359791429 -0.156160243532  -2.27272482823 1774584243.44
 0.690941416829 -0.209899381235  -2.29792849248 1774584243.45
 0.610919607216 -0.235824445691  -2.34656303858 1774584243.48
 0.54002581468 -0.23262885904 -2.41116945691 1774584243.5
 0.486761003234 -0.202967990436  -2.47895531248 1774584243.52
 0.455939160074 -0.152496133472  -2.53295834418 1774584243.54
  0.447868597705 -0.0885336860455   -2.55429557125 1774584243.56
  0.458317030207 -0.0187031134231   -2.52519304053 1774584243.58
 0.479271349461 0.0501775294649  -2.43225664354 1774584243.6
0.500363741464 0.112766070902 -2.26931265953 1774584243.62
0.510717360023 0.165392933754 -2.03916641695 1774584243.64
0.500889580717 0.205870931364 -1.75381287404 1774584243.66
0.464572886345 0.233093062479 -1.43295279292 1774584243.67
0.399755541445 0.246620642082 -1.10104791329 1774584243.7
0.309138857741 0.246427859217 -0.78348875937 1774584243.72
0.199739406971 0.232882038965 -0.50265589044 1774584243.74
0.0817511860868  0.206930302445  -0.27467241917 1774584243.76
-0.0331217462144   0.170370291162  -0.107469988862 1774584243.77
   -0.133554334243     0.126038420888 -0.000473518654921 1774584243.8
-0.210366079691 0.0777698103301 0.0541608582472 1774584243.82
-0.257849879553 0.0300615136722 0.0691495451799 1774584243.84
 -0.274445489974 -0.0125239969444   0.059132820988 1774584243.86
 -0.262674167811 -0.0460831458076  0.0378332462295 1774584243.87
 -0.228396282627 -0.0680395139714  0.0158810903257 1774584243.9
   -0.179578055954   -0.0775796053587 -0.000344745437346 1774584243.92
  -0.124833104135  -0.0757416756373 -0.00877273809439 1774584243.94
-0.0720261563208 -0.0651373290624 -0.0107491201663 1774584243.96
 -0.0271893625483  -0.0493806510489 -0.00953731628048 1774584243.97
 0.00608316513129  -0.0323668957521 -0.00862242159501 1774584244
 0.0267088792244 -0.0175656161557 -0.0102198780533 1774584244.02
  0.0357174574408 -0.00747141335415  -0.0142919387081 1774584244.04
  0.0355257377393 -0.00330265199043  -0.0182331265936 1774584244.06
  0.0290798390276 -0.00497408667152  -0.0172313093747 1774584244.07
  0.0190556542087   -0.011311136587 -0.00517398053431 1774584244.1
0.00726699904353  -0.020433005313  0.0241289864527 1774584244.12
  -0.00563535585 -0.0302133983454  0.0756823710952 1774584244.14
-0.0201616077415 -0.0387297936096   0.152271375092 1774584244.16
-0.0377248129547 -0.0446293911673   0.253866236248 1774584244.17
-0.0602103914806 -0.0473642390121   0.377576291377 1774584244.2
-0.0894685712652 -0.0472725185849    0.51814266921 1774584244.22
 -0.126817125592 -0.0455035649292   0.668840833405 1774584244.24
 -0.172623899912 -0.0438004974207   0.822577426855 1774584244.26
 -0.226020279329 -0.0441680915662   0.972933050721 1774584244.27
  -0.28478269498 -0.0484665192204    1.11493350515 1774584244.3
 -0.345408220834 -0.0579843840557    1.24541842873 1774584244.32
 -0.403396914426 -0.0730560170221    1.36299305333 1774584244.34
 -0.453732448219 -0.0927952943764    1.46766095596 1774584244.36
-0.491522185413 -0.115016281068   1.56030933136 1774584244.37
-0.512722131363 -0.136393961706   1.64223187471 1774584244.4
-0.514839952262 -0.152882765032   1.71482652536 1774584244.42
-0.497491530912 -0.160359106956   1.77951593937 1774584244.44
-0.462692768513 -0.155396762541   1.83784136368 1774584244.46
-0.414802561015 -0.136035651113     1.891610286 1774584244.47
-0.360091344318  -0.10238106344   1.94295794524 1774584244.5
-0.305981053534 -0.056882371626   1.99421725973 1774584244.52
  -0.260070564473 -0.00419059187837     2.04756786357 1774584244.54
-0.229108386864 0.0494242871469   2.10452724347 1774584244.56
 -0.21808761188 0.0970190269253   2.16542503326 1774584244.57
-0.229610946828   0.13212035925   2.22903825295 1774584244.6
-0.263611897452  0.149842668819   2.29254518873 1774584244.62
-0.317439533468  0.147747324715   2.35188088398 1774584244.64
-0.386243215181  0.126254629571   2.40246813143 1774584244.66
-0.46355176995 0.088509910121  2.44018637586 1774584244.68
-0.541938593986 0.0397242902223   2.46236015685 1774584244.7
 -0.613693985193 -0.0138684530188    2.46852290223 1774584244.72
 -0.671470083022 -0.0662045312504    2.46075018151 1774584244.74
-0.708899229634 -0.112458173603   2.44345112845 1774584244.76
-0.721195838404 -0.149738048078   2.42263486397 1774584244.78
-0.705729963795 -0.177255230447   2.40479801187 1774584244.8
-0.662517569383 -0.195938065368   2.39567586043 1774584244.82
-0.594529188949 -0.207610962149   2.39913707277 1774584244.84
-0.507699353965  -0.21397010568   2.41646921812 1774584244.86
 -0.41054043868 -0.215649766809   2.44620811227 1774584244.88
-0.313327963942 -0.211660895115   2.48453351739 1774584244.9
-0.226915255687 -0.199397334551   2.52612222778 1774584244.92
-0.161328842738 -0.175260335656   2.56525084441 1774584244.94
-0.124366404622 -0.135781682876    2.5968973575 1774584244.96
 -0.120447384883 -0.0789734014443    2.61760920526 1774584244.98
  -0.149943207277 -0.00554177624131        2.62597599 1774584245
-0.209139766789 0.0803936138657   2.62264675631 1774584245.02
-0.290869742227  0.171332532085   2.60993908888 1774584245.04
-0.385717097731  0.257255609699    2.5911751599 1774584245.06
-0.483570994252  0.327182393417   2.56992823909 1774584245.08
-0.575224282627  0.371110718341   2.54936176494 1774584245.1
-0.653698228828  0.381915843493   2.53179480131 1774584245.12
-0.715037819762   0.35678585138   2.51854876851 1774584245.14
-0.758446646149  0.297871551535   2.51004542146 1774584245.16
-0.785784587873  0.212006919799   2.50606033226 1774584245.18
-0.800594929582  0.109564323892   2.50600753698 1774584245.2
 -0.806923822603 0.00269629883663    2.50914535797 1774584245.22
 -0.808222128832 -0.0966613326654    2.51464345837 1774584245.23
-0.806575083601 -0.178617680498   2.52151905817 1774584245.26
-0.802405259345 -0.236639811151   2.52851274796 1774584245.28
-0.794668430497 -0.268138356457   2.53400985363 1774584245.3
-0.781443471796 -0.274285374171    2.5361083174 1774584245.31
-0.760734028502 -0.259191120954   2.53288731794 1774584245.33
-0.731266514953 -0.228690041545   2.52285417831 1774584245.35
-0.693086743755  -0.18904107758   2.50546298096 1774584245.37
-0.647815499282 -0.145826300048   2.48153457218 1774584245.4
-0.598505217338 -0.103246857121   2.45338984888 1774584245.42
 -0.54912840622 -0.063892971977   2.42455101579 1774584245.43
 -0.50380804739 -0.028938772194   2.39896602383 1774584245.46
 -0.465957636749 0.00138523799197    2.37984797676 1774584245.48
-0.437522923721 0.0272368815352   2.36835846023 1774584245.5
-0.418501929836 0.0487081235228    2.3624616682 1774584245.52
-0.406864424615 0.0655942485229   2.35630112341 1774584245.53
-0.398905965644 0.0774178676705   2.34038411497 1774584245.56
 -0.38997349758 0.0836491659969   2.30270383083 1774584245.58
-0.375413367035 0.0840032792706   2.23071305725 1774584245.6
-0.351540556961 0.0786826284316   2.11383475188 1774584245.61
 -0.31642275448 0.0684669225841    1.9460127612 1774584245.63
-0.270314207127 0.0546195238928   1.72772437214 1774584245.65
-0.215650261568 0.0386489579226   1.46692833184 1774584245.67
-0.156605711826 0.0220125807133   1.17860853885 1774584245.7
-0.0983094946796 0.00586099602147   0.882860744945 1774584245.71
 -0.0458782495159 -0.00910217183985    0.601794120107 1774584245.73
-0.00346876881875  -0.0226158460187    0.355803879982 1774584245.75
  0.026454235483 -0.0347303969119   0.159943787424 1774584245.78
 0.0434852931438 -0.0456015657158  0.0211424113852 1774584245.8
 0.0492125771958 -0.0552742979811 -0.0631431082937 1774584245.81
 0.0467513154243 -0.0635154866942  -0.104525702321 1774584245.83
 0.0400002010968 -0.0697358401885  -0.121584502031 1774584245.86
 0.0328059160154 -0.0730166732207  -0.136453084787 1774584245.88
 0.0282353239101 -0.0722337000923  -0.170763270922 1774584245.9
 0.0281196391107 -0.0662516186351  -0.241738635091 1774584245.92
 0.0329595122352 -0.0541531462663  -0.359196685478 1774584245.94
 0.0421836214033 -0.0354644591587  -0.524024979628 1774584245.96
 0.0546600364407 -0.0103435021807  -0.728385961599 1774584245.98
0.0692929884315 0.0202951837898 -0.957545802113 1774584246
0.0855156290653 0.0547387778059  -1.19289357153 1774584246.02
 0.103519390223 0.0905322615385  -1.41549173144 1774584246.04
0.124137007431 0.124642191981 -1.60942554569 1774584246.06
0.148400663977 0.153730737469 -1.76430849446 1774584246.08
0.176901447621 0.174529754457  -1.8765239292 1774584246.1
0.209151459071 0.184285941986 -1.94907966861 1774584246.12
0.243171690939 0.181226431688 -1.99024817102 1774584246.14
0.275487334994 0.164975432928 -2.01139336319 1774584246.16
0.301615506278 0.136843143156 -2.02450246681 1774584246.18
 0.317002487555 0.0999122631731  -2.03993491919 1774584246.2
0.318240925975 0.058865939696 -2.06478856997 1774584246.22
 0.304303009354 0.0195320797057  -2.10210511263 1774584246.24
  0.277485464213 -0.0118397786125   -2.15094052909 1774584246.26
  0.243786012078 -0.0295042972535   -2.20715678749 1774584246.28
  0.212517087946 -0.0292328550987   -2.26467908817 1774584246.3
   0.195100252543 -0.00925132735645    -2.31692087614 1774584246.32
 0.203154737614 0.0290848506857  -2.35810085667 1774584246.34
 0.246168667411 0.0810595754793   -2.3842440258 1774584246.35
0.329186543068 0.138939784129 -2.39374921652 1774584246.38
0.451021749668 0.192930411879 -2.38749809133 1774584246.4
0.603472019266 0.232651560426 -2.36855996972 1774584246.42
0.771859945916 0.248918179689 -2.34160420063 1774584246.44
0.936952477653 0.235500278645 -2.31216163256 1774584246.45
 1.07798516794 0.190500303993 -2.28587642509 1774584246.48
  1.1762143859 0.117025223578 -2.26785997228 1774584246.5
 1.21823873208 0.022955698171  -2.2622070305 1774584246.51
   1.19834003183 -0.0801983634491   -2.27167440046 1774584246.54
 1.11930975152 -0.17916016606 -2.29747394222 1774584246.55
 0.991596455581 -0.261098083949    -2.339112796 1774584246.58
0.831028228146 -0.31572983724 -2.39423451418 1774584246.6
 0.655706538654 -0.336884348484  -2.45847091199 1774584246.62
 0.482835193794 -0.323220208388  -2.52538552118 1774584246.64
 0.326198904135 -0.278007404279  -2.58664456793 1774584246.65
0.194770217704 -0.20810171476 -2.63255917549 1774584246.68
0.0925863856047 -0.122415997503  -2.65308426588 1774584246.7
 0.0197056064323 -0.0302744941066    -2.6392393452 1774584246.72
-0.026185578072 0.0599878191508  -2.58476379601 1774584246.74
-0.0480385964857   0.141929223093   -2.48768353339 1774584246.75
-0.04806394355 0.211312635723 -2.35139978031 1774584246.78
-0.0270384905817   0.265883555975   -2.18495144867 1774584246.8
0.0155760566985  0.304791899818  -2.00225530254 1774584246.82
0.0807934954334  0.327895631055  -1.82035957879 1774584246.84
 0.16881396087 0.335181876346 -1.65699338618 1774584246.86
 0.27767237243 0.326482845294 -1.52788228271 1774584246.88
0.402237458672 0.301564719704 -1.44437204411 1774584246.9
 0.53390232443 0.260550071289 -1.41183621341 1774584246.92
0.661149611133 0.204525625906  -1.4291598382 1774584246.94
0.770963737753 0.136115434475 -1.48934659769 1774584246.96
0.850848228226 0.059786991966 -1.58105739977 1774584246.98
  0.891040421847 -0.0182865033385   -1.69071482492 1774584247
  0.886441730728 -0.0908703870268   -1.80473391775 1774584247.02
 0.837819811134 -0.150737509542  -1.91146947992 1774584247.04
 0.751981854943 -0.191945964559  -2.00258062711 1774584247.06
 0.640831732636 -0.211025943596  -2.07366701725 1774584247.08
 0.519458034097 -0.207770505763  -2.12418710704 1774584247.1
 0.403603337681 -0.185402668432  -2.15679387133 1774584247.12
  0.30699563678 -0.150033322188  -2.17629827007 1774584247.14
0.239056112442 -0.10949445172 -2.18849151491 1774584247.16
  0.203427687658 -0.0717862735794   -2.19903296266 1774584247.18
  0.197608943019 -0.0434757980501   -2.21255781406 1774584247.2
  0.213758227547 -0.0284023574801   -2.23209550356 1774584247.22
  0.240497434425 -0.0269771112952   -2.25882980371 1774584247.24
    0.2653447449 -0.0362247291981   -2.29218313183 1774584247.27
  0.277285934508 -0.0505414057649   -2.33017188981 1774584247.28
  0.268981122649 -0.0629789335388    -2.3699538754 1774584247.3
  0.238197505002 -0.0667519301493   -2.40846873212 1774584247.32
  0.188231367967 -0.0566319215135   -2.44305694891 1774584247.35
  0.127289922653 -0.0299428880248   -2.47193642417 1774584247.37
0.0669970355926 0.0130104033797  -2.49442621583 1774584247.38
0.0203279811343 0.0691038460799  -2.51084154794 1774584247.4
-0.000653992588877     0.133035269215     -2.52204281306 1774584247.42
0.0131076202901  0.198252058139  -2.52869695532 1774584247.44
0.0660414694525  0.257952955037  -2.53038936436 1774584247.47
0.157014073302 0.305990217282 -2.52479183153 1774584247.48
0.279198436813   0.3375678279 -2.50712822928 1774584247.5
0.420770858783 0.349700820398 -2.47016532893 1774584247.52
 0.56637416359 0.341446423382 -2.40487917896 1774584247.54
 0.69919198621 0.313932013702 -2.30181085717 1774584247.57
0.803374654756 0.270196565352 -2.15295278185 1774584247.58
0.866457145825 0.214850006708 -1.95383869585 1774584247.6
0.881347832476 0.153556725772 -1.70539378931 1774584247.61
 0.847484449742 0.0923733400159  -1.41507643851 1774584247.64
  0.77087666906 0.0370102089942  -1.09693200757 1774584247.67
  0.662973519238 -0.0078768827702  -0.770377813265 1774584247.68
  0.538558406508 -0.0392437292873  -0.457811179705 1774584247.7
     0.413107618 -0.0559609097874  -0.181415956617 1774584247.72
  0.300175100188 -0.0588095027715  0.0402398984699 1774584247.74
 0.209345192208 -0.050179194347  0.195137934753 1774584247.77
  0.145134358085 -0.0335378108821   0.279673799736 1774584247.78
  0.106976795032 -0.0127812020352   0.299075281557 1774584247.8
 0.0901733647601 0.00841349843819   0.266303952552 1774584247.81
0.0874880739955 0.0271191192413  0.199681511951 1774584247.84
0.0909824016857 0.0414926688254  0.119720399423 1774584247.87
0.0936907625799 0.0508735189004  0.045756765386 1774584247.88
  0.0908369097054    0.055652463598 -0.00702743392175 1774584247.9
 0.0804323207919  0.0569598240473 -0.0297244604867 1774584247.91
 0.0632433925084  0.0562509580078 -0.0206766336884 1774584247.94
0.0422330825574 0.0548821981372 0.0147766155076 1774584247.97
0.0216567345786 0.0537669486254 0.0656798016843 1774584247.98
0.00601773562095   0.053180626115   0.117721655938 1774584248
-0.000925682419263    0.0527481752399      0.15602145167 1774584248.01
0.00304838318849  0.0516065709495   0.168027092818 1774584248.04
0.0181354444659 0.0486965579621  0.146091147398 1774584248.06
0.0423626597384 0.0431114306786 0.0893155542832 1774584248.08
 0.0717952833769  0.0344210402559 0.00433078759276 1774584248.1
   0.10105185554   0.022897195354 -0.0951935565021 1774584248.11
  0.124054165126 0.00958915466133  -0.190325217927 1774584248.14
   0.134908765266 -0.00377065776146   -0.259731075925 1774584248.16
 0.128794468491 -0.015017082669 -0.283201979139 1774584248.18
  0.102720067191 -0.0219160009649  -0.245245335139 1774584248.2
 0.0560258012196 -0.0225782678768  -0.138074814427 1774584248.21
-0.00946371436473  -0.0158509006992   0.0366150807199 1774584248.24
 -0.0896693614255 -0.00161361728373    0.267502157403 1774584248.26
-0.178832865428 0.0190798299978  0.535218926684 1774584248.28
-0.270332891411 0.0440545410181   0.81540849776 1774584248.3
-0.357593014746 0.0702696191023   1.08268010923 1774584248.31
-0.434924300201 0.0942461904986   1.31469331889 1774584248.34
-0.49817297885 0.112601082306  1.49557665629 1774584248.36
-0.545095724791  0.122589330068   1.61804414065 1774584248.38
-0.575442505816  0.122546284931   1.68386976846 1774584248.4
-0.590772417316   0.11213171617   1.70273817208 1774584248.41
-0.594052344334 0.0923158337754   1.68981911107 1774584248.44
-0.589094427217 0.0651053804372   1.66263867109 1774584248.46
-0.579887933795 0.0330740525908   1.63790010969 1774584248.48
  -0.569887719441 -0.00118266513193     1.62884275965 1774584248.5
 -0.561341238858 -0.0355210411322    1.64355282926 1774584248.51
  -0.55476287296 -0.0685175758037    1.68440812359 1774584248.54
 -0.548681345486 -0.0994544319567    1.74860458076 1774584248.56
-0.539773980021 -0.128028497043   1.82952146908 1774584248.58
-0.523448863311 -0.153881279623   1.91856331002 1774584248.6
-0.494845526592 -0.176115054883   2.00708037995 1774584248.61
-0.450115014315 -0.192982195215   2.08800875252 1774584248.64
-0.387740635773 -0.201897652168   2.15696588432 1774584248.66
-0.309603047034 -0.199835512842   2.21266462592 1774584248.68
-0.221501362129 -0.184053510272   2.25664416542 1774584248.7
-0.132923012825 -0.152978806997   2.29244056383 1774584248.71
-0.0559964666797  -0.107018112062    2.32441461017 1774584248.74
-0.00373330991096  -0.0490479885995     2.35650657932 1774584248.76
0.0121687572372 0.0155975623087   2.39118828488 1774584248.78
-0.0164290177583  0.0797087627077    2.42883341504 1774584248.8
-0.0922485483506   0.135274671127    2.46763664828 1774584248.81
-0.211513847367  0.174842606698   2.50409556955 1774584248.83
-0.363906346773  0.192869743188   2.53394618683 1774584248.86
-0.53362678526 0.186762034196  2.55333550949 1774584248.88
-0.701425366638  0.157361408396   2.55994740838 1774584248.9
-0.847279343323  0.108770143125   2.55379175028 1774584248.91
-0.953278943432  0.047558568493   2.53743193119 1774584248.94
  -1.0062507545 -0.018452128296   2.51555562141 1774584248.96
 -0.999703332686 -0.0815440521441    2.49396136474 1774584248.98
-0.934804202261 -0.135283704846   2.47819742396 1774584249
-0.820259321642 -0.175277252326   2.47220139167 1774584249.02
-0.671132513869 -0.199368163168   2.47731161817 1774584249.04
-0.506788168261 -0.207298532107   2.49194014492 1774584249.06
-0.348252376474 -0.200000646676   2.51202799085 1774584249.08
-0.215360661563  -0.17878383377   2.53219087297 1774584249.1
-0.124091117669 -0.144704710024   2.54726472941 1774584249.12
-0.0844638881195 -0.0983463854943    2.55383143062 1774584249.14
-0.0993152118768 -0.0400971118131    2.55128389314 1774584249.16
-0.164128031593 0.0291526879654   2.54208675986 1774584249.18
-0.267936327537  0.107133559225   2.53108345444 1774584249.2
 -0.3951450582 0.189471810989   2.5239465881 1774584249.22
-0.527955983005  0.269441796478   2.52510621395 1774584249.24
-0.648992179529  0.338411704154   2.53565997856 1774584249.26
-0.743690034859  0.387010959813   2.55182596811 1774584249.28
-0.802081573001  0.406832054849    2.5644220175 1774584249.3
-0.819712143512   0.39229809918    2.5596521798 1774584249.32
-0.797605762591  0.342233869345   2.52118912342 1774584249.34
-0.741370192458  0.260704549142   2.43322288114 1774584249.36
-0.659689540186  0.156832957868   2.28387827118 1774584249.38
-0.562550788955 0.0435400229927    2.0682582026 1774584249.4
 -0.459571120627 -0.0645837704221    1.79039578004 1774584249.42
-0.358731851065 -0.153845322497   1.46360073158 1774584249.44
-0.265698592862 -0.213901774997   1.10902372277 1774584249.46
-0.183748727296 -0.239560928364  0.752654883168 1774584249.48
-0.114178180548 -0.231538701378  0.421321871818 1774584249.5
-0.0569596590238   -0.19602546756   0.138470452394 1774584249.52
-0.0113998852603  -0.143185971732 -0.0794539283174 1774584249.54
 0.0234030442491 -0.0849515811037  -0.225352420365 1774584249.56
  0.048391701086 -0.0326036876677   -0.30216060695 1774584249.58
 0.0646358925249 0.00533460497255   -0.32183954665 1774584249.6
0.0735436242322 0.0244808899317 -0.302961576629 1774584249.62
0.0770312757807 0.0250181427351 -0.267425939924 1774584249.64
 0.077520049478  0.011152812191 -0.236953926123 1774584249.66
 0.0777075566919 -0.0101960604132  -0.229987876797 1774584249.68
 0.0801607686972 -0.0311339097998  -0.259472037443 1774584249.7
 0.0868527434744 -0.0445536502406  -0.331767954913 1774584249.72
 0.0987940058697 -0.0455583324703  -0.446707890632 1774584249.74
  0.115881977689 -0.0322856441965  -0.598572398016 1774584249.76
   0.137019979081 -0.00602807561104   -0.777637642444 1774584249.78
 0.160467470183 0.0292999448739  -0.97189815284 1774584249.8
 0.184307193747 0.0681678097752  -1.16862899557 1774584249.82
0.206879031496 0.104651294999 -1.35558015986 1774584249.84
 0.22704675585 0.133602150491 -1.52175089841 1774584249.86
0.244226467056  0.15153783509 -1.65782544949 1774584249.88
0.258192577234 0.157107077086 -1.75642735368 1774584249.9
0.268758450699 0.151087282383 -1.81235129783 1774584249.92
0.275475472166 0.135966800213 -1.82286648157 1774584249.94
0.277489042373  0.11524182765 -1.78808164691 1774584249.96
 0.273633564015 0.0926028944803   -1.7112588719 1774584249.98
 0.262760522783 0.0711936253437  -1.59890096446 1774584250
 0.244206275712 0.0530947831533  -1.46044320766 1774584250.02
   0.2182512419 0.0391255905359  -1.30745899867 1774584250.04
 0.186419011727 0.0289744473834  -1.15241916126 1774584250.06
 0.151510963472 0.0215900260917  -1.00718480391 1774584250.08
 0.117348923367 0.0157009753022 -0.881516090486 1774584250.1
0.0882761976567 0.0103048565697 -0.781908147498 1774584250.12
 0.0685212207274 0.00498308424311  -0.711008712668 1774584250.14
  0.0615466639202 -4.4569522659e-05   -0.667745365721 1774584250.16
  0.0694935518532 -0.00412991846068   -0.648128778225 1774584250.18
  0.0927981672776 -0.00658998269064   -0.646545471892 1774584250.2
   0.130025010945 -0.00714139543247   -0.657247114452 1774584250.22
   0.177932780068 -0.00621272633582   -0.675707364733 1774584250.24
   0.231774443808 -0.00500201815181   -0.699557492609 1774584250.26
   0.285820714507 -0.00522083136499   -0.728916503725 1774584250.28
   0.334078187735 -0.00856434119715   -0.766074488776 1774584250.3
 0.371141836072 -0.016041602669 -0.814635834842 1774584250.32
  0.393078380015 -0.0273623948873  -0.878347805519 1774584250.34
  0.398195407272 -0.0405861719283  -0.959902950357 1774584250.36
  0.387530813701 -0.0521878836497   -1.05999739708 1774584250.38
  0.364916056436 -0.0575948760007   -1.17685470275 1774584250.4
  0.336531705077 -0.0521234317103   -1.30630606067 1774584250.42
  0.309975666013 -0.0321257104774   -1.44238283514 1774584250.44
  0.292979180082 0.00391965580205   -1.57826039337 1774584250.46
 0.292001362164 0.0546540267733  -1.70732138228 1774584250.48
0.310980371903 0.115645767443 -1.82409770064 1774584250.5
 0.35050164834 0.179863147083 -1.92490245439 1774584250.52
